[Command: julia /Users/Caitlin/development/computeEig/powermethod.jl]
sparcematrix =
	[36 ,   2]  =  0.265457
	[68 ,   3]  =  0.699929
	[38 ,   5]  =  0.0306372
	[52 ,   5]  =  0.197576
	[72 ,   5]  =  0.778064
	[87 ,   5]  =  0.772935
	[7  ,   6]  =  0.251112
	[23 ,   7]  =  0.682976
	[90 ,   7]  =  0.525706
	[43 ,  12]  =  0.422912
	[64 ,  12]  =  0.0833491
	[71 ,  13]  =  0.641261
	[22 ,  14]  =  0.0114454
	[83 ,  18]  =  0.190348
	[90 ,  18]  =  0.0656343
	[89 ,  20]  =  0.144218
	[7  ,  21]  =  0.87851
	[72 ,  21]  =  0.520489
	[59 ,  22]  =  0.389507
	[74 ,  23]  =  0.224557
	[47 ,  24]  =  0.653528
	[75 ,  30]  =  0.448168
	[52 ,  31]  =  0.250044
	[82 ,  31]  =  0.464356
	[83 ,  32]  =  0.243343
	[21 ,  33]  =  0.112535
	[80 ,  33]  =  0.632103
	[22 ,  34]  =  0.290351
	[43 ,  35]  =  0.344986
	[33 ,  36]  =  0.383847
	[91 ,  36]  =  0.795456
	[5  ,  37]  =  0.260765
	[20 ,  37]  =  0.563379
	[59 ,  45]  =  0.153428
	[11 ,  47]  =  0.317283
	[83 ,  47]  =  0.944595
	[87 ,  47]  =  0.0287153
	[75 ,  50]  =  0.0479264
	[8  ,  51]  =  0.632318
	[9  ,  52]  =  0.0266082
	[54 ,  56]  =  0.181581
	[2  ,  58]  =  0.0390996
	[83 ,  59]  =  0.62299
	[21 ,  60]  =  0.514131
	[6  ,  61]  =  0.801136
	[30 ,  62]  =  0.301438
	[27 ,  63]  =  0.531331
	[35 ,  64]  =  0.887291
	[37 ,  65]  =  0.464825
	[81 ,  66]  =  0.952931
	[50 ,  68]  =  0.0398689
	[90 ,  68]  =  0.40618
	[25 ,  71]  =  0.84648
	[1  ,  72]  =  0.84282
	[89 ,  72]  =  0.517127
	[75 ,  74]  =  0.471764
	[96 ,  74]  =  0.0723925
	[43 ,  77]  =  0.198196
	[55 ,  77]  =  0.137647
	[67 ,  80]  =  0.218586
	[70 ,  80]  =  0.171332
	[17 ,  83]  =  0.174692
	[40 ,  83]  =  0.815829
	[96 ,  84]  =  0.160416
	[51 ,  85]  =  0.529629
	[16 ,  86]  =  0.385637
	[41 ,  86]  =  0.496227
	[54 ,  86]  =  0.364249
	[66 ,  87]  =  0.864664
	[76 ,  88]  =  0.244996
	[77 ,  89]  =  0.145218
	[65 ,  90]  =  0.884545
	[42 ,  93]  =  0.0471989
	[35 ,  94]  =  0.126604
	[71 ,  94]  =  0.778185
	[94 ,  94]  =  0.73135
	[5  ,  96]  =  0.267884
	[69 ,  96]  =  0.553704
	[56 ,  97]  =  0.605977
	[79 ,  97]  =  0.319852
	[91 ,  99]  =  0.926757
	[18 , 100]  =  0.348664
	[27 , 100]  =  0.964184
	[99 , 100]  =  0.117398
i = 14
sparse(dominantEigenvector) =
	[25 ,   1]  =  0.641505
	[35 ,   1]  =  0.0901722
	[43 ,   1]  =  0.0425352
	[71 ,   1]  =  0.554254
	[94 ,   1]  =  0.520896

  [25 ,  95]  =  0.641505
	[35 ,  95]  =  0.0901722
	[43 ,  95]  =  0.0425352
	[71 ,  95]  =  0.554254
	[94 ,  95]  =  0.520896

sparse(allEigenvectors) =
	[1  ,   1]  =  1.0
	[81 ,   2]  =  1.0
	[66 ,   3]  =  1.05158e-290
	[81 ,   3]  =  -1.0
	[66 ,   4]  =  -1.05158e-290
	[81 ,   4]  =  1.0
	[43 ,   5]  =  1.0
	[55 ,   6]  =  1.0
	[43 ,   7]  =  -0.821349
	[55 ,   7]  =  -0.570426
	[77 ,   7]  =  4.15277e-290
	[43 ,   8]  =  0.821349
	[55 ,   8]  =  0.570426
	[77 ,   8]  =  -4.15277e-290
	[43 ,   9]  =  -0.821349
	[55 ,   9]  =  -0.570426
	[77 ,   9]  =  4.15277e-290
	[9  ,  10]  =  1.0
	[9  ,  11]  =  -1.0
	[52 ,  11]  =  3.76607e-289
	[38 ,  12]  =  1.0
	[43 ,  13]  =  0.821349
	[55 ,  13]  =  0.570426
	[77 ,  13]  =  -4.15277e-290
	[43 ,  14]  =  -0.821349
	[55 ,  14]  =  -0.570426
	[77 ,  14]  =  4.15277e-290
	[43 ,  15]  =  -0.821349
	[55 ,  15]  =  -0.570426
	[77 ,  15]  =  4.15277e-290
	[43 ,  16]  =  0.821349
	[55 ,  16]  =  0.570426
	[77 ,  16]  =  -4.15277e-290
	[43 ,  17]  =  -0.821349
	[55 ,  17]  =  -0.570426
	[77 ,  17]  =  4.15277e-290
	[69 ,  18]  =  1.0
	[43 ,  19]  =  -0.821349
	[55 ,  19]  =  -0.570426
	[77 ,  19]  =  4.15277e-290
	[75 ,  20]  =  1.0
	[43 ,  21]  =  0.821349
	[55 ,  21]  =  0.570426
	[77 ,  21]  =  -4.15277e-290
	[43 ,  22]  =  -0.821349
	[55 ,  22]  =  -0.570426
	[77 ,  22]  =  4.15277e-290
	[43 ,  23]  =  0.821349
	[55 ,  23]  =  0.570426
	[77 ,  23]  =  -4.15277e-290
	[67 ,  24]  =  1.0
	[70 ,  25]  =  1.0
	[43 ,  26]  =  -0.821349
	[55 ,  26]  =  -0.570426
	[77 ,  26]  =  4.15277e-290
	[67 ,  27]  =  -0.787043
	[70 ,  27]  =  -0.616898
	[80 ,  27]  =  3.60812e-290
	[43 ,  28]  =  0.821349
	[55 ,  28]  =  0.570426
	[77 ,  28]  =  -4.15277e-290
	[91 ,  29]  =  1.0
	[43 ,  30]  =  -0.821349
	[55 ,  30]  =  -0.570426
	[77 ,  30]  =  4.15277e-290
	[43 ,  31]  =  0.821349
	[55 ,  31]  =  0.570426
	[77 ,  31]  =  -4.15277e-290
	[50 ,  32]  =  2.09088e-289
	[75 ,  32]  =  -1.0
	[43 ,  33]  =  0.821349
	[55 ,  33]  =  0.570426
	[77 ,  33]  =  -4.15277e-290
	[43 ,  34]  =  -0.821349
	[55 ,  34]  =  -0.570426
	[77 ,  34]  =  4.15277e-290
	[4  ,  35]  =  1.0
	[43 ,  36]  =  -0.821349
	[55 ,  36]  =  -0.570426
	[77 ,  36]  =  4.15277e-290
	[8  ,  37]  =  1.0
	[10 ,  38]  =  1.0
	[11 ,  39]  =  1.0
	[35 ,  40]  =  2.90471e-290
	[43 ,  40]  =  -1.0
	[35 ,  41]  =  -2.90471e-290
	[43 ,  41]  =  1.0
	[35 ,  42]  =  2.90471e-290
	[43 ,  42]  =  -1.0
	[25 ,  43]  =  1.0
	[25 ,  44]  =  -1.0
	[71 ,  44]  =  1.18383e-290
	[25 ,  45]  =  1.0
	[71 ,  45]  =  -1.18383e-290
	[17 ,  46]  =  1.0
	[40 ,  47]  =  1.0
	[17 ,  48]  =  -0.209382
	[40 ,  48]  =  -0.977834
	[83 ,  48]  =  1.20108e-290
	[17 ,  49]  =  0.209382
	[40 ,  49]  =  0.977834
	[83 ,  49]  =  -1.20108e-290
	[17 ,  50]  =  -0.209382
	[40 ,  50]  =  -0.977834
	[83 ,  50]  =  1.20108e-290
	[17 ,  51]  =  0.209382
	[40 ,  51]  =  0.977834
	[83 ,  51]  =  -1.20108e-290
	[15 ,  52]  =  1.0
	[16 ,  53]  =  1.0
	[43 ,  54]  =  0.821349
	[55 ,  54]  =  0.570426
	[77 ,  54]  =  -4.15277e-290
	[19 ,  55]  =  1.0
	[17 ,  56]  =  6.98877e-290
	[40 ,  56]  =  3.26382e-289
	[66 ,  56]  =  1.05158e-290
	[81 ,  56]  =  -1.0
	[17 ,  57]  =  -6.98877e-290
	[40 ,  57]  =  -3.26382e-289
	[66 ,  57]  =  -1.05158e-290
	[81 ,  57]  =  1.0
	[26 ,  58]  =  1.0
	[27 ,  59]  =  1.0
	[28 ,  60]  =  1.0
	[29 ,  61]  =  1.0
	[30 ,  62]  =  2.23596e-290
	[75 ,  62]  =  -1.0
	[82 ,  63]  =  1.0
	[9  ,  64]  =  1.0
	[52 ,  64]  =  -3.76607e-289
	[82 ,  64]  =  -6.99395e-289
	[17 ,  65]  =  0.209382
	[40 ,  65]  =  0.977834
	[83 ,  65]  =  -1.20108e-290
	[17 ,  66]  =  0.209382
	[40 ,  66]  =  0.977834
	[83 ,  66]  =  -1.20108e-290
	[39 ,  67]  =  1.0
	[41 ,  68]  =  1.0
	[42 ,  69]  =  1.0
	[44 ,  70]  =  1.0
	[17 ,  71]  =  -0.209382
	[40 ,  71]  =  -0.977834
	[83 ,  71]  =  1.20108e-290
	[46 ,  72]  =  1.0
	[48 ,  73]  =  1.0
	[49 ,  74]  =  1.0
	[8  ,  75]  =  -1.0
	[51 ,  75]  =  1.58478e-290
	[53 ,  76]  =  1.0
	[54 ,  77]  =  1.0
	[54 ,  78]  =  -1.0
	[56 ,  78]  =  5.51868e-290
	[57 ,  79]  =  1.0
	[43 ,  80]  =  -0.821349
	[55 ,  80]  =  -0.570426
	[77 ,  80]  =  4.15277e-290
	[43 ,  81]  =  0.821349
	[55 ,  81]  =  0.570426
	[77 ,  81]  =  -4.15277e-290
	[43 ,  82]  =  0.821349
	[55 ,  82]  =  0.570426
	[77 ,  82]  =  -4.15277e-290
	[30 ,  83]  =  -2.23596e-290
	[75 ,  83]  =  1.0
	[27 ,  84]  =  -1.0
	[63 ,  84]  =  1.88599e-290
	[73 ,  85]  =  1.0
	[76 ,  86]  =  1.0
	[78 ,  87]  =  1.0
	[79 ,  88]  =  1.0
	[43 ,  89]  =  0.821349
	[55 ,  89]  =  0.570426
	[77 ,  89]  =  -4.15277e-290
	[8  ,  90]  =  1.0
	[51 ,  90]  =  -1.58478e-290
	[16 ,  91]  =  -0.530899
	[41 ,  91]  =  -0.683147
	[54 ,  91]  =  -0.501455
	[86 ,  91]  =  1.37955e-290
	[76 ,  92]  =  -1.0
	[88 ,  92]  =  4.0902e-290
	[92 ,  93]  =  1.0
	[42 ,  94]  =  -1.0
	[93 ,  94]  =  2.12311e-289
	[25 ,  95]  =  0.641505
	[35 ,  95]  =  0.0901722
	[43 ,  95]  =  0.0425352
	[71 ,  95]  =  0.554254
	[94 ,  95]  =  0.520896
	[95 ,  96]  =  1.0
	[54 ,  97]  =  1.0
	[56 ,  97]  =  -5.51868e-290
	[79 ,  97]  =  -2.91292e-290
	[98 ,  98]  =  1.0
	[91 ,  99]  =  -1.0
	[99 ,  99]  =  1.08128e-290
	[43 , 100]  =  -0.821349
	[55 , 100]  =  -0.570426
	[77 , 100]  =  4.15277e-290
[Finished in 3.116s]
