[Command: julia /Users/Caitlin/development/computeEig/powermethod.jl]
sparcematrix =
	[31 ,   1]  =  0.259397
	[70 ,   1]  =  0.383409
	[86 ,   1]  =  0.695284
	[92 ,   2]  =  0.0261239
	[6  ,   5]  =  0.694899
	[25 ,   6]  =  0.953568
	[66 ,   7]  =  0.295049
	[97 ,   7]  =  0.10824
	[4  ,  10]  =  0.857221
	[26 ,  12]  =  0.828346
	[83 ,  13]  =  0.0485126
	[36 ,  14]  =  0.0123397
	[20 ,  15]  =  0.143284
	[62 ,  16]  =  0.268285
	[43 ,  20]  =  0.167868
	[67 ,  20]  =  0.896853
	[5  ,  21]  =  0.689504
	[22 ,  21]  =  0.189272
	[23 ,  23]  =  0.580777
	[24 ,  23]  =  0.412958
	[58 ,  23]  =  0.428781
	[39 ,  24]  =  0.529299
	[53 ,  24]  =  0.824201
	[69 ,  24]  =  0.873317
	[25 ,  26]  =  0.104085
	[97 ,  26]  =  0.293402
	[94 ,  27]  =  0.885334
	[9  ,  28]  =  0.258862
	[10 ,  28]  =  0.18245
	[53 ,  28]  =  0.318699
	[97 ,  28]  =  0.305241
	[18 ,  30]  =  0.802705
	[60 ,  32]  =  0.712842
	[77 ,  32]  =  0.086776
	[30 ,  33]  =  0.172625
	[62 ,  35]  =  0.525156
	[19 ,  37]  =  0.235853
	[43 ,  38]  =  0.778122
	[100,  38]  =  0.67461
	[5  ,  40]  =  0.599097
	[78 ,  41]  =  0.574858
	[1  ,  44]  =  0.251664
	[28 ,  45]  =  0.695127
	[6  ,  48]  =  0.432753
	[99 ,  48]  =  0.656987
	[75 ,  50]  =  0.663088
	[100,  50]  =  0.426241
	[40 ,  51]  =  0.287639
	[42 ,  51]  =  0.300952
	[56 ,  51]  =  0.451178
	[31 ,  55]  =  0.141734
	[56 ,  55]  =  0.00491783
	[68 ,  57]  =  0.229849
	[83 ,  57]  =  0.815061
	[77 ,  59]  =  0.516285
	[46 ,  60]  =  0.892944
	[51 ,  60]  =  0.664994
	[28 ,  61]  =  0.197619
	[55 ,  62]  =  0.720174
	[63 ,  62]  =  0.38931
	[87 ,  62]  =  0.643384
	[49 ,  64]  =  0.6978
	[72 ,  65]  =  0.0145342
	[94 ,  66]  =  0.36388
	[72 ,  67]  =  0.909593
	[89 ,  69]  =  0.890649
	[56 ,  71]  =  0.21356
	[66 ,  73]  =  0.357115
	[69 ,  75]  =  0.0971374
	[62 ,  76]  =  0.633191
	[88 ,  76]  =  0.534643
	[74 ,  77]  =  0.125317
	[52 ,  78]  =  0.92633
	[60 ,  78]  =  0.705776
	[14 ,  79]  =  0.0480607
	[10 ,  85]  =  0.42159
	[61 ,  85]  =  0.373593
	[25 ,  87]  =  0.113649
	[11 ,  89]  =  0.192906
	[60 ,  93]  =  0.149457
	[87 ,  95]  =  0.637324
	[64 ,  99]  =  0.105078
	[83 ,  99]  =  0.0797208
i = 9
sparse(dominantEigenvector) =
	[11 ,   1]  =  0.197332
	[23 ,   1]  =  0.362331
	[24 ,   1]  =  0.257633
	[39 ,   1]  =  0.234797
	[53 ,   1]  =  0.365616
	[58 ,   1]  =  0.267505
	[69 ,   1]  =  0.387404
	[89 ,   1]  =  0.594102

  [11 ,  48]  =  0.197332
  [23 ,  48]  =  0.362331
  [24 ,  48]  =  0.257633
  [39 ,  48]  =  0.234797
  [53 ,  48]  =  0.365616
  [58 ,  48]  =  0.267505
  [69 ,  48]  =  0.387404
  [89 ,  48]  =  0.594102

sparse(allEigenvectors) =
	[31 ,   1]  =  1.0
	[70 ,   2]  =  1.0
	[86 ,   3]  =  1.0
	[1  ,   4]  =  1.19968e-290
	[31 ,   4]  =  -0.310547
	[70 ,   4]  =  -0.459013
	[86 ,   4]  =  -0.832387
	[92 ,   5]  =  1.0
	[2  ,   6]  =  3.83589e-289
	[92 ,   6]  =  -1.0
	[3  ,   7]  =  1.0
	[4  ,   8]  =  1.0
	[25 ,   9]  =  1.0
	[6  ,  10]  =  1.05088e-290
	[25 ,  10]  =  -1.0
	[6  ,  11]  =  -1.05088e-290
	[25 ,  11]  =  1.0
	[97 ,  12]  =  1.0
	[94 ,  13]  =  1.0
	[66 ,  14]  =  2.75389e-290
	[94 ,  14]  =  -1.0
	[66 ,  15]  =  -2.75389e-290
	[94 ,  15]  =  1.0
	[97 ,  15]  =  -1.01027e-290
	[8  ,  16]  =  1.0
	[9  ,  17]  =  1.0
	[4  ,  18]  =  -1.0
	[10 ,  18]  =  1.16899e-290
	[11 ,  19]  =  1.0
	[25 ,  20]  =  -0.334338
	[26 ,  20]  =  3.21886e-290
	[97 ,  20]  =  -0.942453
	[25 ,  21]  =  0.334338
	[26 ,  21]  =  -3.21886e-290
	[97 ,  21]  =  0.942453
	[83 ,  22]  =  1.0
	[13 ,  23]  =  2.06562e-289
	[83 ,  23]  =  -1.0
	[36 ,  24]  =  1.0
	[14 ,  25]  =  8.12082e-289
	[36 ,  25]  =  -1.0
	[72 ,  26]  =  1.0
	[67 ,  27]  =  1.10168e-290
	[72 ,  27]  =  -1.0
	[43 ,  28]  =  1.0
	[43 ,  29]  =  -2.06207e-291
	[67 ,  29]  =  -1.10168e-290
	[72 ,  29]  =  1.0
	[43 ,  30]  =  2.06207e-291
	[67 ,  30]  =  1.10168e-290
	[72 ,  30]  =  -1.0
	[25 ,  31]  =  -1.0
	[87 ,  31]  =  8.81739e-290
	[56 ,  32]  =  1.0
	[31 ,  33]  =  -0.999399
	[55 ,  33]  =  7.06592e-290
	[56 ,  33]  =  -0.0346768
	[63 ,  34]  =  1.0
	[25 ,  35]  =  0.582115
	[31 ,  35]  =  0.812617
	[55 ,  35]  =  -5.74535e-290
	[56 ,  35]  =  0.0281959
	[63 ,  35]  =  -3.1058e-290
	[87 ,  35]  =  -5.13274e-290
	[25 ,  36]  =  -0.582115
	[31 ,  36]  =  -0.812617
	[55 ,  36]  =  5.74535e-290
	[56 ,  36]  =  -0.0281959
	[63 ,  36]  =  3.1058e-290
	[87 ,  36]  =  5.13274e-290
	[17 ,  37]  =  1.0
	[18 ,  38]  =  1.0
	[19 ,  39]  =  1.0
	[22 ,  40]  =  1.0
	[6  ,  41]  =  1.05088e-290
	[25 ,  41]  =  -1.0
	[39 ,  42]  =  1.0
	[53 ,  43]  =  1.0
	[11 ,  44]  =  -1.0
	[89 ,  44]  =  5.19468e-290
	[11 ,  45]  =  1.0
	[89 ,  45]  =  -5.19468e-290
	[11 ,  46]  =  -1.0
	[89 ,  46]  =  5.19468e-290
	[58 ,  47]  =  1.0
	[11 ,  48]  =  0.197332
	[23 ,  48]  =  0.362331
	[24 ,  48]  =  0.257633
	[39 ,  48]  =  0.234797
	[53 ,  48]  =  0.365616
	[58 ,  48]  =  0.267505
	[69 ,  48]  =  0.387404
	[89 ,  48]  =  0.594102
	[27 ,  49]  =  1.13187e-290
	[94 ,  49]  =  -1.0
	[4  ,  50]  =  1.0
	[9  ,  50]  =  -1.65858e-290
	[10 ,  50]  =  -1.16899e-290
	[53 ,  50]  =  -2.04197e-290
	[97 ,  50]  =  -1.95574e-290
	[29 ,  51]  =  1.0
	[18 ,  52]  =  -1.0
	[30 ,  52]  =  1.24838e-290
	[6  ,  53]  =  1.05088e-290
	[25 ,  53]  =  -1.0
	[42 ,  54]  =  1.0
	[46 ,  55]  =  1.0
	[6  ,  56]  =  -1.05088e-290
	[25 ,  56]  =  1.0
	[6  ,  57]  =  1.05088e-290
	[25 ,  57]  =  -1.0
	[74 ,  58]  =  1.0
	[74 ,  59]  =  -1.0
	[77 ,  59]  =  7.9964e-290
	[6  ,  60]  =  -1.05088e-290
	[25 ,  60]  =  1.0
	[18 ,  61]  =  1.0
	[30 ,  61]  =  -1.24838e-290
	[34 ,  62]  =  1.0
	[25 ,  63]  =  -0.582115
	[31 ,  63]  =  -0.812617
	[55 ,  63]  =  5.74535e-290
	[56 ,  63]  =  -0.0281959
	[63 ,  63]  =  3.1058e-290
	[87 ,  63]  =  5.13274e-290
	[19 ,  64]  =  -1.0
	[37 ,  64]  =  4.24877e-290
	[100,  65]  =  1.0
	[38 ,  66]  =  9.73047e-291
	[43 ,  66]  =  -0.755575
	[100,  66]  =  -0.655062
	[52 ,  67]  =  1.0
	[6  ,  68]  =  -1.05088e-290
	[25 ,  68]  =  1.0
	[6  ,  69]  =  1.05088e-290
	[25 ,  69]  =  -1.0
	[1  ,  70]  =  -1.19968e-290
	[31 ,  70]  =  0.310547
	[70 ,  70]  =  0.459013
	[86 ,  70]  =  0.832387
	[4  ,  71]  =  -1.0
	[9  ,  71]  =  1.65858e-290
	[10 ,  71]  =  1.16899e-290
	[53 ,  71]  =  2.04197e-290
	[97 ,  71]  =  1.95574e-290
	[47 ,  72]  =  1.0
	[49 ,  73]  =  1.0
	[49 ,  74]  =  -1.0
	[64 ,  74]  =  1.43606e-290
	[49 ,  75]  =  1.0
	[64 ,  75]  =  -1.43606e-290
	[83 ,  75]  =  -1.08951e-290
	[49 ,  76]  =  -1.0
	[64 ,  76]  =  1.43606e-290
	[83 ,  76]  =  1.08951e-290
	[11 ,  77]  =  -1.0
	[89 ,  77]  =  5.19468e-290
	[11 ,  78]  =  1.0
	[89 ,  78]  =  -5.19468e-290
	[54 ,  79]  =  1.0
	[68 ,  80]  =  1.0
	[57 ,  81]  =  1.18331e-290
	[68 ,  81]  =  -0.271416
	[83 ,  81]  =  -0.962462
	[74 ,  82]  =  1.0
	[77 ,  82]  =  -7.9964e-290
	[4  ,  83]  =  -1.0
	[9  ,  83]  =  1.65858e-290
	[10 ,  83]  =  1.16899e-290
	[53 ,  83]  =  2.04197e-290
	[97 ,  83]  =  1.95574e-290
	[65 ,  84]  =  6.89466e-289
	[72 ,  84]  =  -1.0
	[56 ,  85]  =  -1.0
	[71 ,  85]  =  4.69229e-290
	[66 ,  86]  =  -2.75389e-290
	[94 ,  86]  =  1.0
	[88 ,  87]  =  1.0
	[25 ,  88]  =  -0.582115
	[31 ,  88]  =  -0.812617
	[55 ,  88]  =  5.74535e-290
	[56 ,  88]  =  -0.0281959
	[63 ,  88]  =  3.1058e-290
	[87 ,  88]  =  5.13274e-290
	[14 ,  89]  =  -8.12082e-289
	[36 ,  89]  =  1.0
	[80 ,  90]  =  1.0
	[81 ,  91]  =  1.0
	[82 ,  92]  =  1.0
	[84 ,  93]  =  1.0
	[4  ,  94]  =  1.0
	[9  ,  94]  =  -1.65858e-290
	[10 ,  94]  =  -1.16899e-290
	[53 ,  94]  =  -2.04197e-290
	[97 ,  94]  =  -1.95574e-290
	[90 ,  95]  =  1.0
	[91 ,  96]  =  1.0
	[6  ,  97]  =  -1.05088e-290
	[25 ,  97]  =  1.0
	[25 ,  98]  =  1.0
	[87 ,  98]  =  -8.81739e-290
	[96 ,  99]  =  1.0
	[98 , 100]  =  1.0
[Finished in 3.009s]
