[Command: julia /Users/Caitlin/development/computeEig/powermethod.jl]
i = 6
sparse(dominantEigenvector) =
	[541 ,    1]  =  1.0


sparse(allEigenvectors) =
	[1   ,    1]  =  1.0
	[949 ,    2]  =  1.0
	[2   ,    3]  =  1.79087e-289
	[949 ,    3]  =  -1.0
	[3   ,    4]  =  1.0
	[687 ,    5]  =  1.0
	[389 ,    6]  =  1.0
	[4   ,    7]  =  9.33919e-290
	[389 ,    7]  =  -0.402638
	[687 ,    7]  =  -0.915359
	[682 ,    8]  =  1.0
	[5   ,    9]  =  2.08013e-289
	[682 ,    9]  =  -1.0
	[6   ,   10]  =  1.0
	[7   ,   11]  =  1.0
	[8   ,   12]  =  1.0
	[9   ,   13]  =  1.0
	[10  ,   14]  =  1.0
	[525 ,   15]  =  1.0
	[10  ,   16]  =  -0.298142
	[11  ,   16]  =  1.13136e-289
	[525 ,   16]  =  -0.954522
	[12  ,   17]  =  1.0
	[13  ,   18]  =  1.0
	[14  ,   19]  =  1.0
	[15  ,   20]  =  1.0
	[16  ,   21]  =  1.0
	[17  ,   22]  =  1.0
	[18  ,   23]  =  1.0
	[19  ,   24]  =  1.0
	[20  ,   25]  =  1.0
	[103 ,   26]  =  1.0
	[21  ,   27]  =  1.96175e-287
	[103 ,   27]  =  -1.0
	[22  ,   28]  =  1.0
	[23  ,   29]  =  1.0
	[24  ,   30]  =  1.0
	[25  ,   31]  =  1.0
	[26  ,   32]  =  1.0
	[27  ,   33]  =  1.0
	[28  ,   34]  =  1.0
	[29  ,   35]  =  1.0
	[30  ,   36]  =  1.0
	[31  ,   37]  =  1.0
	[32  ,   38]  =  1.0
	[33  ,   39]  =  1.0
	[34  ,   40]  =  1.0
	[35  ,   41]  =  1.0
	[797 ,   42]  =  1.0
	[36  ,   43]  =  1.05323e-289
	[797 ,   43]  =  -1.0
	[37  ,   44]  =  1.0
	[843 ,   45]  =  1.0
	[38  ,   46]  =  1.63655e-289
	[843 ,   46]  =  -1.0
	[39  ,   47]  =  1.0
	[191 ,   48]  =  1.0
	[191 ,   49]  =  -1.0
	[907 ,   49]  =  1.35951e-289
	[191 ,   50]  =  1.0
	[907 ,   50]  =  -1.35951e-289
	[240 ,   51]  =  1.0
	[41  ,   52]  =  3.24572e-289
	[240 ,   52]  =  -1.0
	[42  ,   53]  =  1.0
	[43  ,   54]  =  1.0
	[494 ,   55]  =  1.0
	[44  ,   56]  =  1.54779e-289
	[494 ,   56]  =  -1.0
	[45  ,   57]  =  1.0
	[833 ,   58]  =  1.0
	[533 ,   59]  =  1.01059e-289
	[833 ,   59]  =  -1.0
	[533 ,   60]  =  -1.01059e-289
	[833 ,   60]  =  1.0
	[47  ,   61]  =  1.0
	[48  ,   62]  =  1.0
	[49  ,   63]  =  1.0
	[50  ,   64]  =  1.0
	[51  ,   65]  =  1.0
	[52  ,   66]  =  1.0
	[53  ,   67]  =  1.0
	[54  ,   68]  =  1.0
	[55  ,   69]  =  1.0
	[853 ,   70]  =  1.0
	[56  ,   71]  =  2.65175e-289
	[853 ,   71]  =  -1.0
	[57  ,   72]  =  1.0
	[58  ,   73]  =  1.0
	[59  ,   74]  =  1.0
	[60  ,   75]  =  1.0
	[61  ,   76]  =  1.0
	[62  ,   77]  =  1.0
	[63  ,   78]  =  1.0
	[64  ,   79]  =  1.0
	[65  ,   80]  =  1.0
	[66  ,   81]  =  1.0
	[67  ,   82]  =  1.0
	[68  ,   83]  =  1.0
	[69  ,   84]  =  1.0
	[70  ,   85]  =  1.0
	[71  ,   86]  =  1.0
	[121 ,   87]  =  1.0
	[72  ,   88]  =  1.45543e-289
	[121 ,   88]  =  -1.0
	[73  ,   89]  =  1.0
	[854 ,   90]  =  1.0
	[74  ,   91]  =  1.30599e-289
	[854 ,   91]  =  -1.0
	[75  ,   92]  =  1.0
	[76  ,   93]  =  1.0
	[304 ,   94]  =  1.0
	[77  ,   95]  =  3.53141e-289
	[304 ,   95]  =  -1.0
	[78  ,   96]  =  1.0
	[706 ,   97]  =  1.0
	[79  ,   98]  =  1.95537e-289
	[706 ,   98]  =  -1.0
	[80  ,   99]  =  1.0
	[596 ,  100]  =  1.0
	[596 ,  101]  =  -1.0
	[917 ,  101]  =  1.65129e-289
	[596 ,  102]  =  1.0
	[917 ,  102]  =  -1.65129e-289
	[596 ,  103]  =  -1.0
	[917 ,  103]  =  1.65129e-289
	[82  ,  104]  =  1.0
	[83  ,  105]  =  1.0
	[886 ,  106]  =  1.0
	[84  ,  107]  =  7.55718e-289
	[886 ,  107]  =  -1.0
	[85  ,  108]  =  1.0
	[86  ,  109]  =  1.0
	[793 ,  110]  =  1.0
	[87  ,  111]  =  2.29759e-288
	[793 ,  111]  =  -1.0
	[88  ,  112]  =  1.0
	[89  ,  113]  =  1.0
	[90  ,  114]  =  1.0
	[91  ,  115]  =  1.0
	[92  ,  116]  =  1.0
	[93  ,  117]  =  1.0
	[94  ,  118]  =  1.0
	[95  ,  119]  =  1.0
	[96  ,  120]  =  1.0
	[97  ,  121]  =  1.0
	[98  ,  122]  =  1.0
	[99  ,  123]  =  1.0
	[100 ,  124]  =  1.0
	[101 ,  125]  =  1.0
	[102 ,  126]  =  1.0
	[104 ,  127]  =  1.0
	[105 ,  128]  =  1.0
	[106 ,  129]  =  1.0
	[107 ,  130]  =  1.0
	[108 ,  131]  =  1.0
	[109 ,  132]  =  1.0
	[110 ,  133]  =  1.0
	[111 ,  134]  =  1.0
	[112 ,  135]  =  1.0
	[113 ,  136]  =  1.0
	[829 ,  137]  =  1.0
	[114 ,  138]  =  4.82173e-289
	[829 ,  138]  =  -1.0
	[590 ,  139]  =  1.0
	[115 ,  140]  =  1.36166e-289
	[590 ,  140]  =  -1.0
	[116 ,  141]  =  1.0
	[117 ,  142]  =  1.0
	[681 ,  143]  =  1.0
	[118 ,  144]  =  4.81344e-289
	[681 ,  144]  =  -1.0
	[119 ,  145]  =  1.0
	[120 ,  146]  =  1.0
	[122 ,  147]  =  1.0
	[721 ,  148]  =  1.0
	[123 ,  149]  =  3.21594e-289
	[721 ,  149]  =  -1.0
	[566 ,  150]  =  1.0
	[124 ,  151]  =  1.40703e-289
	[566 ,  151]  =  -1.0
	[125 ,  152]  =  1.0
	[126 ,  153]  =  1.0
	[127 ,  154]  =  1.0
	[128 ,  155]  =  1.0
	[129 ,  156]  =  1.0
	[130 ,  157]  =  1.0
	[131 ,  158]  =  1.0
	[441 ,  159]  =  1.0
	[132 ,  160]  =  1.83787e-289
	[441 ,  160]  =  -1.0
	[61  ,  161]  =  -1.0
	[470 ,  161]  =  1.82483e-289
	[61  ,  162]  =  1.0
	[470 ,  162]  =  -1.82483e-289
	[134 ,  163]  =  1.0
	[135 ,  164]  =  1.0
	[123 ,  165]  =  -3.21594e-289
	[721 ,  165]  =  1.0
	[137 ,  166]  =  1.0
	[138 ,  167]  =  1.0
	[139 ,  168]  =  1.0
	[469 ,  169]  =  1.0
	[140 ,  170]  =  1.04769e-289
	[469 ,  170]  =  -1.0
	[141 ,  171]  =  1.0
	[142 ,  172]  =  1.0
	[143 ,  173]  =  1.0
	[144 ,  174]  =  1.0
	[769 ,  175]  =  1.0
	[145 ,  176]  =  1.53328e-288
	[769 ,  176]  =  -1.0
	[91  ,  177]  =  -1.0
	[146 ,  177]  =  3.27119e-289
	[147 ,  178]  =  1.0
	[148 ,  179]  =  1.0
	[149 ,  180]  =  1.0
	[150 ,  181]  =  1.0
	[151 ,  182]  =  1.0
	[152 ,  183]  =  1.0
	[925 ,  184]  =  1.0
	[153 ,  185]  =  2.8225e-289
	[925 ,  185]  =  -1.0
	[154 ,  186]  =  1.0
	[23  ,  187]  =  -1.0
	[155 ,  187]  =  2.59595e-289
	[156 ,  188]  =  1.0
	[157 ,  189]  =  1.0
	[826 ,  190]  =  1.0
	[158 ,  191]  =  1.13596e-289
	[826 ,  191]  =  -1.0
	[159 ,  192]  =  1.0
	[160 ,  193]  =  1.0
	[161 ,  194]  =  1.0
	[162 ,  195]  =  1.0
	[163 ,  196]  =  1.0
	[164 ,  197]  =  1.0
	[165 ,  198]  =  1.0
	[219 ,  199]  =  1.0
	[61  ,  200]  =  1.0
	[219 ,  200]  =  -2.29542e-289
	[470 ,  200]  =  -1.82483e-289
	[167 ,  201]  =  1.0
	[168 ,  202]  =  1.0
	[169 ,  203]  =  1.0
	[68  ,  204]  =  -1.0
	[170 ,  204]  =  4.40811e-289
	[171 ,  205]  =  1.0
	[895 ,  206]  =  1.0
	[172 ,  207]  =  1.16301e-289
	[895 ,  207]  =  -1.0
	[173 ,  208]  =  1.0
	[174 ,  209]  =  1.0
	[175 ,  210]  =  1.0
	[176 ,  211]  =  1.0
	[177 ,  212]  =  1.0
	[178 ,  213]  =  1.0
	[179 ,  214]  =  1.0
	[180 ,  215]  =  1.0
	[181 ,  216]  =  1.0
	[182 ,  217]  =  1.0
	[49  ,  218]  =  -1.0
	[183 ,  218]  =  5.1942e-289
	[184 ,  219]  =  1.0
	[26  ,  220]  =  -1.0
	[185 ,  220]  =  2.36424e-289
	[186 ,  221]  =  1.0
	[187 ,  222]  =  1.0
	[224 ,  223]  =  1.0
	[16  ,  224]  =  -0.250932
	[188 ,  224]  =  1.16615e-289
	[224 ,  224]  =  -0.968005
	[189 ,  225]  =  1.0
	[190 ,  226]  =  1.0
	[192 ,  227]  =  1.0
	[836 ,  228]  =  1.0
	[193 ,  229]  =  4.36956e-289
	[836 ,  229]  =  -1.0
	[194 ,  230]  =  1.0
	[195 ,  231]  =  1.0
	[196 ,  232]  =  1.0
	[197 ,  233]  =  1.0
	[522 ,  234]  =  1.0
	[198 ,  235]  =  1.22798e-289
	[522 ,  235]  =  -1.0
	[199 ,  236]  =  1.0
	[200 ,  237]  =  1.0
	[201 ,  238]  =  1.0
	[202 ,  239]  =  1.0
	[203 ,  240]  =  1.0
	[891 ,  241]  =  1.0
	[204 ,  242]  =  1.49323e-289
	[891 ,  242]  =  -1.0
	[205 ,  243]  =  1.0
	[206 ,  244]  =  1.0
	[207 ,  245]  =  1.0
	[208 ,  246]  =  1.0
	[209 ,  247]  =  1.0
	[210 ,  248]  =  1.0
	[211 ,  249]  =  1.0
	[740 ,  250]  =  1.0
	[477 ,  251]  =  1.0
	[212 ,  252]  =  1.28785e-289
	[477 ,  252]  =  -0.985414
	[740 ,  252]  =  -0.170172
	[213 ,  253]  =  1.0
	[606 ,  254]  =  1.0
	[712 ,  255]  =  1.0
	[214 ,  256]  =  2.32579e-289
	[606 ,  256]  =  -0.36293
	[712 ,  256]  =  -0.931816
	[215 ,  257]  =  1.0
	[216 ,  258]  =  1.0
	[806 ,  259]  =  1.0
	[217 ,  260]  =  1.53602e-289
	[806 ,  260]  =  -1.0
	[455 ,  261]  =  1.0
	[344 ,  262]  =  2.3423e-289
	[455 ,  262]  =  -1.0
	[344 ,  263]  =  -2.3423e-289
	[455 ,  263]  =  1.0
	[230 ,  264]  =  1.0
	[220 ,  265]  =  1.27651e-288
	[230 ,  265]  =  -1.0
	[937 ,  266]  =  1.0
	[221 ,  267]  =  1.05109e-288
	[937 ,  267]  =  -1.0
	[222 ,  268]  =  1.0
	[223 ,  269]  =  1.0
	[225 ,  270]  =  1.0
	[226 ,  271]  =  1.0
	[227 ,  272]  =  1.0
	[228 ,  273]  =  1.0
	[229 ,  274]  =  1.0
	[231 ,  275]  =  1.0
	[232 ,  276]  =  1.0
	[233 ,  277]  =  1.0
	[234 ,  278]  =  1.0
	[235 ,  279]  =  1.0
	[236 ,  280]  =  1.0
	[237 ,  281]  =  1.0
	[238 ,  282]  =  1.0
	[239 ,  283]  =  1.0
	[231 ,  284]  =  -1.0
	[241 ,  284]  =  1.11098e-289
	[242 ,  285]  =  1.0
	[835 ,  286]  =  1.0
	[243 ,  287]  =  1.05169e-289
	[835 ,  287]  =  -1.0
	[244 ,  288]  =  1.0
	[245 ,  289]  =  1.0
	[246 ,  290]  =  1.0
	[247 ,  291]  =  1.0
	[248 ,  292]  =  1.0
	[249 ,  293]  =  1.0
	[809 ,  294]  =  1.0
	[908 ,  295]  =  1.0
	[250 ,  296]  =  1.13127e-289
	[809 ,  296]  =  -0.515446
	[908 ,  296]  =  -0.856922
	[121 ,  297]  =  -1.0
	[428 ,  297]  =  1.07891e-288
	[121 ,  298]  =  1.0
	[428 ,  298]  =  -1.07891e-288
	[121 ,  299]  =  -1.0
	[428 ,  299]  =  1.07891e-288
	[252 ,  300]  =  1.0
	[212 ,  301]  =  -1.28785e-289
	[477 ,  301]  =  0.985414
	[740 ,  301]  =  0.170172
	[995 ,  302]  =  1.0
	[838 ,  303]  =  1.76553e-289
	[995 ,  303]  =  -1.0
	[838 ,  304]  =  -1.76553e-289
	[995 ,  304]  =  1.0
	[838 ,  305]  =  1.76553e-289
	[995 ,  305]  =  -1.0
	[255 ,  306]  =  1.0
	[236 ,  307]  =  -1.0
	[256 ,  307]  =  9.65536e-289
	[257 ,  308]  =  1.0
	[258 ,  309]  =  1.0
	[259 ,  310]  =  1.0
	[260 ,  311]  =  1.0
	[261 ,  312]  =  1.0
	[262 ,  313]  =  1.0
	[263 ,  314]  =  1.0
	[264 ,  315]  =  1.0
	[874 ,  316]  =  1.0
	[265 ,  317]  =  3.03651e-288
	[874 ,  317]  =  -1.0
	[266 ,  318]  =  1.0
	[267 ,  319]  =  1.0
	[268 ,  320]  =  1.0
	[269 ,  321]  =  1.0
	[270 ,  322]  =  1.0
	[271 ,  323]  =  1.0
	[272 ,  324]  =  1.0
	[273 ,  325]  =  1.0
	[274 ,  326]  =  1.0
	[275 ,  327]  =  1.0
	[276 ,  328]  =  1.0
	[631 ,  329]  =  1.0
	[277 ,  330]  =  5.26753e-289
	[631 ,  330]  =  -1.0
	[278 ,  331]  =  1.0
	[279 ,  332]  =  1.0
	[280 ,  333]  =  1.0
	[59  ,  334]  =  -1.0
	[281 ,  334]  =  1.87776e-289
	[567 ,  335]  =  1.0
	[567 ,  336]  =  -1.0
	[574 ,  336]  =  2.15644e-289
	[567 ,  337]  =  1.0
	[574 ,  337]  =  -2.15644e-289
	[592 ,  338]  =  1.0
	[283 ,  339]  =  1.36243e-289
	[592 ,  339]  =  -1.0
	[284 ,  340]  =  1.0
	[285 ,  341]  =  5.11109e-289
	[721 ,  341]  =  -1.0
	[286 ,  342]  =  1.0
	[287 ,  343]  =  1.0
	[288 ,  344]  =  1.0
	[289 ,  345]  =  1.0
	[952 ,  346]  =  1.0
	[290 ,  347]  =  2.46812e-289
	[952 ,  347]  =  -1.0
	[291 ,  348]  =  1.0
	[968 ,  349]  =  1.0
	[739 ,  350]  =  2.01205e-289
	[968 ,  350]  =  -1.0
	[739 ,  351]  =  -2.01205e-289
	[833 ,  351]  =  -1.64874e-289
	[968 ,  351]  =  1.0
	[739 ,  352]  =  2.01205e-289
	[833 ,  352]  =  1.64874e-289
	[968 ,  352]  =  -1.0
	[293 ,  353]  =  1.0
	[294 ,  354]  =  1.0
	[295 ,  355]  =  1.0
	[296 ,  356]  =  1.0
	[297 ,  357]  =  1.0
	[298 ,  358]  =  1.0
	[299 ,  359]  =  1.0
	[300 ,  360]  =  1.83088e-289
	[592 ,  360]  =  -1.0
	[301 ,  361]  =  1.0
	[774 ,  362]  =  1.0
	[277 ,  363]  =  -5.26753e-289
	[631 ,  363]  =  1.0
	[774 ,  363]  =  -2.97452e-289
	[305 ,  364]  =  1.0
	[306 ,  365]  =  1.0
	[932 ,  366]  =  1.0
	[307 ,  367]  =  2.49359e-289
	[932 ,  367]  =  -1.0
	[9   ,  368]  =  -1.0
	[308 ,  368]  =  3.76442e-289
	[309 ,  369]  =  1.0
	[310 ,  370]  =  1.0
	[311 ,  371]  =  1.0
	[191 ,  372]  =  -1.0
	[907 ,  372]  =  1.35951e-289
	[313 ,  373]  =  1.0
	[314 ,  374]  =  1.0
	[738 ,  375]  =  1.0
	[315 ,  376]  =  1.68089e-289
	[738 ,  376]  =  -1.0
	[199 ,  377]  =  -1.0
	[316 ,  377]  =  2.72416e-289
	[317 ,  378]  =  1.0
	[318 ,  379]  =  1.0
	[319 ,  380]  =  1.0
	[320 ,  381]  =  1.0
	[321 ,  382]  =  1.0
	[1   ,  383]  =  -1.0
	[322 ,  383]  =  1.66564e-289
	[323 ,  384]  =  1.0
	[324 ,  385]  =  1.0
	[325 ,  386]  =  1.0
	[326 ,  387]  =  1.0
	[327 ,  388]  =  1.0
	[328 ,  389]  =  1.0
	[329 ,  390]  =  1.0
	[330 ,  391]  =  1.0
	[331 ,  392]  =  1.0
	[332 ,  393]  =  1.0
	[333 ,  394]  =  1.0
	[334 ,  395]  =  1.0
	[335 ,  396]  =  1.0
	[336 ,  397]  =  1.0
	[337 ,  398]  =  1.0
	[338 ,  399]  =  1.0
	[339 ,  400]  =  1.0
	[340 ,  401]  =  1.0
	[341 ,  402]  =  1.0
	[342 ,  403]  =  4.29327e-289
	[854 ,  403]  =  -1.0
	[343 ,  404]  =  1.0
	[345 ,  405]  =  1.0
	[346 ,  406]  =  1.0
	[347 ,  407]  =  1.0
	[348 ,  408]  =  1.0
	[349 ,  409]  =  1.0
	[350 ,  410]  =  1.0
	[946 ,  411]  =  1.0
	[351 ,  412]  =  1.30632e-289
	[946 ,  412]  =  -1.0
	[352 ,  413]  =  1.0
	[353 ,  414]  =  1.0
	[354 ,  415]  =  1.0
	[355 ,  416]  =  1.0
	[356 ,  417]  =  1.0
	[357 ,  418]  =  1.0
	[358 ,  419]  =  1.0
	[359 ,  420]  =  1.0
	[360 ,  421]  =  1.0
	[361 ,  422]  =  1.0
	[362 ,  423]  =  1.0
	[587 ,  424]  =  1.0
	[363 ,  425]  =  1.43857e-289
	[587 ,  425]  =  -1.0
	[364 ,  426]  =  1.0
	[365 ,  427]  =  1.0
	[277 ,  428]  =  -5.26753e-289
	[631 ,  428]  =  1.0
	[168 ,  429]  =  -1.0
	[367 ,  429]  =  1.97088e-288
	[368 ,  430]  =  1.0
	[369 ,  431]  =  1.0
	[370 ,  432]  =  1.0
	[881 ,  433]  =  1.0
	[741 ,  434]  =  7.06569e-289
	[881 ,  434]  =  -1.0
	[741 ,  435]  =  -7.06569e-289
	[881 ,  435]  =  1.0
	[741 ,  436]  =  7.06569e-289
	[881 ,  436]  =  -1.0
	[372 ,  437]  =  1.0
	[278 ,  438]  =  -1.0
	[373 ,  438]  =  2.41783e-289
	[382 ,  439]  =  1.0
	[374 ,  440]  =  1.8411e-289
	[382 ,  440]  =  -1.0
	[375 ,  441]  =  1.0
	[376 ,  442]  =  1.0
	[377 ,  443]  =  1.0
	[378 ,  444]  =  1.0
	[379 ,  445]  =  1.0
	[380 ,  446]  =  1.0
	[381 ,  447]  =  1.0
	[383 ,  448]  =  1.0
	[384 ,  449]  =  1.0
	[385 ,  450]  =  1.0
	[386 ,  451]  =  1.0
	[618 ,  452]  =  1.0
	[387 ,  453]  =  1.67777e-289
	[618 ,  453]  =  -1.0
	[388 ,  454]  =  1.0
	[390 ,  455]  =  1.0
	[391 ,  456]  =  1.0
	[392 ,  457]  =  1.0
	[393 ,  458]  =  1.0
	[897 ,  459]  =  1.0
	[394 ,  460]  =  2.23716e-289
	[897 ,  460]  =  -1.0
	[395 ,  461]  =  1.0
	[396 ,  462]  =  1.0
	[507 ,  463]  =  1.0
	[397 ,  464]  =  1.0803e-289
	[507 ,  464]  =  -1.0
	[398 ,  465]  =  1.0
	[399 ,  466]  =  1.0
	[400 ,  467]  =  1.0
	[359 ,  468]  =  -1.0
	[401 ,  468]  =  5.33734e-289
	[402 ,  469]  =  1.0
	[403 ,  470]  =  1.0
	[404 ,  471]  =  1.0
	[405 ,  472]  =  1.0
	[912 ,  473]  =  1.0
	[670 ,  474]  =  2.59568e-288
	[912 ,  474]  =  -1.0
	[670 ,  475]  =  -2.59568e-288
	[912 ,  475]  =  1.0
	[407 ,  476]  =  1.0
	[408 ,  477]  =  1.0
	[409 ,  478]  =  1.0
	[140 ,  479]  =  -1.04769e-289
	[469 ,  479]  =  1.0
	[411 ,  480]  =  1.0
	[412 ,  481]  =  1.0
	[413 ,  482]  =  1.0
	[414 ,  483]  =  1.0
	[415 ,  484]  =  1.0
	[208 ,  485]  =  -1.0
	[416 ,  485]  =  3.08841e-289
	[417 ,  486]  =  1.0
	[418 ,  487]  =  1.0
	[419 ,  488]  =  1.0
	[420 ,  489]  =  1.0
	[549 ,  490]  =  1.0
	[421 ,  491]  =  2.07381e-289
	[549 ,  491]  =  -1.0
	[422 ,  492]  =  1.0
	[423 ,  493]  =  1.0
	[424 ,  494]  =  1.0
	[425 ,  495]  =  1.0
	[426 ,  496]  =  1.0
	[427 ,  497]  =  1.0
	[210 ,  498]  =  -1.0
	[429 ,  498]  =  1.07121e-288
	[92  ,  499]  =  -1.0
	[430 ,  499]  =  2.38039e-289
	[431 ,  500]  =  1.0
	[432 ,  501]  =  1.0
	[433 ,  502]  =  1.0
	[434 ,  503]  =  1.0
	[435 ,  504]  =  1.0
	[436 ,  505]  =  1.0
	[437 ,  506]  =  1.0
	[438 ,  507]  =  1.0
	[985 ,  508]  =  1.0
	[439 ,  509]  =  1.83973e-289
	[985 ,  509]  =  -1.0
	[440 ,  510]  =  1.0
	[442 ,  511]  =  1.0
	[443 ,  512]  =  1.0
	[444 ,  513]  =  1.0
	[445 ,  514]  =  1.0
	[446 ,  515]  =  1.0
	[447 ,  516]  =  1.0
	[448 ,  517]  =  1.0
	[59  ,  518]  =  -1.0
	[449 ,  518]  =  9.71131e-289
	[450 ,  519]  =  1.0
	[451 ,  520]  =  1.0
	[452 ,  521]  =  1.0
	[453 ,  522]  =  1.0
	[967 ,  523]  =  1.0
	[454 ,  524]  =  1.33673e-289
	[967 ,  524]  =  -1.0
	[456 ,  525]  =  1.0
	[23  ,  526]  =  1.0
	[155 ,  526]  =  -2.59595e-289
	[399 ,  527]  =  -1.0
	[458 ,  527]  =  2.19891e-288
	[459 ,  528]  =  1.0
	[460 ,  529]  =  1.0
	[461 ,  530]  =  1.0
	[462 ,  531]  =  1.0
	[463 ,  532]  =  1.0
	[464 ,  533]  =  1.0
	[465 ,  534]  =  1.0
	[466 ,  535]  =  1.0
	[467 ,  536]  =  1.0
	[468 ,  537]  =  1.0
	[471 ,  538]  =  1.0
	[472 ,  539]  =  1.0
	[621 ,  540]  =  1.0
	[473 ,  541]  =  1.73047e-289
	[621 ,  541]  =  -1.0
	[474 ,  542]  =  1.0
	[475 ,  543]  =  1.0
	[476 ,  544]  =  1.0
	[478 ,  545]  =  1.0
	[479 ,  546]  =  1.0
	[480 ,  547]  =  1.0
	[858 ,  548]  =  1.0
	[858 ,  549]  =  -1.0
	[960 ,  549]  =  1.88361e-289
	[858 ,  550]  =  1.0
	[960 ,  550]  =  -1.88361e-289
	[858 ,  551]  =  -1.0
	[960 ,  551]  =  1.88361e-289
	[482 ,  552]  =  1.0
	[483 ,  553]  =  1.0
	[484 ,  554]  =  1.0
	[35  ,  555]  =  -1.0
	[485 ,  555]  =  1.42078e-289
	[486 ,  556]  =  1.0
	[444 ,  557]  =  -1.0
	[487 ,  557]  =  1.16719e-289
	[488 ,  558]  =  1.0
	[489 ,  559]  =  1.0
	[490 ,  560]  =  1.0
	[491 ,  561]  =  1.0
	[492 ,  562]  =  1.0
	[936 ,  563]  =  1.0
	[493 ,  564]  =  2.40136e-289
	[936 ,  564]  =  -1.0
	[495 ,  565]  =  1.0
	[496 ,  566]  =  1.0
	[497 ,  567]  =  1.0
	[498 ,  568]  =  1.0
	[499 ,  569]  =  1.0
	[500 ,  570]  =  1.0
	[104 ,  571]  =  -1.0
	[501 ,  571]  =  3.30295e-289
	[502 ,  572]  =  1.0
	[503 ,  573]  =  1.0
	[504 ,  574]  =  1.0
	[505 ,  575]  =  1.0
	[506 ,  576]  =  1.0
	[508 ,  577]  =  1.0
	[509 ,  578]  =  1.0
	[510 ,  579]  =  1.0
	[511 ,  580]  =  1.0
	[512 ,  581]  =  1.0
	[513 ,  582]  =  1.0
	[57  ,  583]  =  -0.973869
	[333 ,  583]  =  -0.22711
	[514 ,  583]  =  1.99729e-289
	[515 ,  584]  =  1.0
	[516 ,  585]  =  1.0
	[517 ,  586]  =  1.0
	[518 ,  587]  =  1.0
	[520 ,  588]  =  1.0
	[157 ,  589]  =  -1.0
	[521 ,  589]  =  4.07006e-289
	[523 ,  590]  =  1.0
	[524 ,  591]  =  1.0
	[526 ,  592]  =  1.0
	[527 ,  593]  =  1.0
	[528 ,  594]  =  1.0
	[529 ,  595]  =  1.0
	[530 ,  596]  =  1.0
	[260 ,  597]  =  -1.0
	[531 ,  597]  =  1.64372e-289
	[532 ,  598]  =  1.0
	[534 ,  599]  =  1.0
	[18  ,  600]  =  -1.0
	[535 ,  600]  =  1.12974e-289
	[536 ,  601]  =  1.0
	[537 ,  602]  =  1.0
	[498 ,  603]  =  -1.0
	[692 ,  603]  =  1.21427e-289
	[498 ,  604]  =  1.0
	[692 ,  604]  =  -1.21427e-289
	[539 ,  605]  =  1.0
	[533 ,  606]  =  1.01059e-289
	[833 ,  606]  =  -1.0
	[541 ,  607]  =  1.0
	[542 ,  608]  =  1.0
	[543 ,  609]  =  1.0
	[544 ,  610]  =  1.0
	[915 ,  611]  =  1.0
	[545 ,  612]  =  1.42102e-289
	[915 ,  612]  =  -1.0
	[546 ,  613]  =  1.0
	[547 ,  614]  =  1.0
	[548 ,  615]  =  1.0
	[550 ,  616]  =  1.0
	[551 ,  617]  =  1.0
	[552 ,  618]  =  1.0
	[553 ,  619]  =  1.0
	[554 ,  620]  =  1.0
	[555 ,  621]  =  1.0
	[556 ,  622]  =  1.0
	[557 ,  623]  =  1.0
	[558 ,  624]  =  1.0
	[559 ,  625]  =  1.0
	[560 ,  626]  =  1.0
	[561 ,  627]  =  1.0
	[562 ,  628]  =  1.0
	[563 ,  629]  =  1.0
	[564 ,  630]  =  1.0
	[7   ,  631]  =  -1.0
	[565 ,  631]  =  1.03347e-289
	[568 ,  632]  =  1.0
	[569 ,  633]  =  1.0
	[570 ,  634]  =  1.0
	[571 ,  635]  =  1.0
	[572 ,  636]  =  1.0
	[573 ,  637]  =  1.0
	[575 ,  638]  =  1.0
	[293 ,  639]  =  -1.0
	[576 ,  639]  =  4.53415e-289
	[577 ,  640]  =  1.0
	[578 ,  641]  =  1.0
	[579 ,  642]  =  1.0
	[580 ,  643]  =  1.0
	[581 ,  644]  =  1.0
	[582 ,  645]  =  1.0
	[583 ,  646]  =  1.0
	[584 ,  647]  =  1.0
	[585 ,  648]  =  1.0
	[586 ,  649]  =  1.0
	[588 ,  650]  =  1.0
	[589 ,  651]  =  1.0
	[591 ,  652]  =  1.0
	[593 ,  653]  =  1.0
	[229 ,  654]  =  -1.0
	[594 ,  654]  =  6.7033e-289
	[595 ,  655]  =  1.0
	[597 ,  656]  =  1.0
	[998 ,  657]  =  1.0
	[598 ,  658]  =  1.19341e-289
	[998 ,  658]  =  -1.0
	[599 ,  659]  =  1.0
	[600 ,  660]  =  1.0
	[601 ,  661]  =  1.0
	[602 ,  662]  =  1.0
	[603 ,  663]  =  1.0
	[605 ,  664]  =  1.0
	[972 ,  665]  =  1.0
	[607 ,  666]  =  3.05503e-289
	[972 ,  666]  =  -1.0
	[608 ,  667]  =  1.0
	[609 ,  668]  =  1.0
	[610 ,  669]  =  1.0
	[611 ,  670]  =  1.0
	[612 ,  671]  =  1.0
	[613 ,  672]  =  1.0
	[614 ,  673]  =  1.0
	[615 ,  674]  =  1.0
	[616 ,  675]  =  1.0
	[617 ,  676]  =  1.0
	[619 ,  677]  =  1.0
	[620 ,  678]  =  1.0
	[622 ,  679]  =  1.0
	[623 ,  680]  =  1.0
	[624 ,  681]  =  1.0
	[625 ,  682]  =  1.27933e-289
	[774 ,  682]  =  -1.0
	[626 ,  683]  =  1.0
	[577 ,  684]  =  -1.0
	[627 ,  684]  =  3.07384e-289
	[628 ,  685]  =  1.0
	[629 ,  686]  =  1.0
	[630 ,  687]  =  1.0
	[632 ,  688]  =  1.0
	[633 ,  689]  =  1.0
	[634 ,  690]  =  1.0
	[635 ,  691]  =  1.0
	[636 ,  692]  =  1.0
	[198 ,  693]  =  -1.22798e-289
	[522 ,  693]  =  1.0
	[638 ,  694]  =  1.0
	[639 ,  695]  =  1.0
	[640 ,  696]  =  1.0
	[641 ,  697]  =  1.0
	[642 ,  698]  =  1.0
	[643 ,  699]  =  1.0
	[644 ,  700]  =  1.0
	[645 ,  701]  =  1.0
	[646 ,  702]  =  1.0
	[480 ,  703]  =  -1.0
	[846 ,  703]  =  1.23072e-289
	[480 ,  704]  =  1.0
	[846 ,  704]  =  -1.23072e-289
	[648 ,  705]  =  1.0
	[649 ,  706]  =  1.0
	[650 ,  707]  =  1.0
	[651 ,  708]  =  1.0
	[652 ,  709]  =  1.0
	[653 ,  710]  =  1.0
	[654 ,  711]  =  1.0
	[655 ,  712]  =  1.0
	[656 ,  713]  =  1.0
	[657 ,  714]  =  1.0
	[658 ,  715]  =  1.0
	[441 ,  716]  =  -1.0
	[659 ,  716]  =  2.12114e-289
	[331 ,  717]  =  -1.0
	[660 ,  717]  =  4.61413e-288
	[661 ,  718]  =  1.0
	[662 ,  719]  =  1.0
	[663 ,  720]  =  1.0
	[997 ,  721]  =  1.0
	[664 ,  722]  =  1.56538e-289
	[997 ,  722]  =  -1.0
	[683 ,  723]  =  1.0
	[99  ,  724]  =  -0.662699
	[665 ,  724]  =  7.78111e-290
	[683 ,  724]  =  -0.748885
	[666 ,  725]  =  1.0
	[667 ,  726]  =  1.0
	[668 ,  727]  =  1.0
	[669 ,  728]  =  1.0
	[671 ,  729]  =  1.0
	[672 ,  730]  =  1.0
	[673 ,  731]  =  1.0
	[674 ,  732]  =  1.0
	[675 ,  733]  =  1.0
	[676 ,  734]  =  1.0
	[677 ,  735]  =  1.0
	[678 ,  736]  =  1.0
	[679 ,  737]  =  1.0
	[680 ,  738]  =  1.0
	[684 ,  739]  =  1.0
	[685 ,  740]  =  1.0
	[686 ,  741]  =  1.0
	[688 ,  742]  =  1.0
	[689 ,  743]  =  1.0
	[690 ,  744]  =  1.0
	[691 ,  745]  =  1.0
	[693 ,  746]  =  1.0
	[236 ,  747]  =  1.0
	[256 ,  747]  =  -9.65536e-289
	[695 ,  748]  =  1.0
	[696 ,  749]  =  1.0
	[697 ,  750]  =  1.0
	[698 ,  751]  =  1.0
	[699 ,  752]  =  1.0
	[700 ,  753]  =  1.0
	[701 ,  754]  =  1.0
	[702 ,  755]  =  1.0
	[703 ,  756]  =  1.0
	[464 ,  757]  =  -1.0
	[704 ,  757]  =  2.99543e-289
	[705 ,  758]  =  1.0
	[707 ,  759]  =  1.0
	[708 ,  760]  =  1.0
	[709 ,  761]  =  1.0
	[710 ,  762]  =  1.0
	[711 ,  763]  =  1.0
	[713 ,  764]  =  1.0
	[714 ,  765]  =  1.0
	[564 ,  766]  =  -1.0
	[715 ,  766]  =  1.48181e-289
	[716 ,  767]  =  1.0
	[717 ,  768]  =  1.0
	[718 ,  769]  =  1.0
	[719 ,  770]  =  1.0
	[589 ,  771]  =  -1.0
	[720 ,  771]  =  4.72579e-288
	[372 ,  772]  =  -1.0
	[722 ,  772]  =  1.72333e-289
	[723 ,  773]  =  1.0
	[714 ,  774]  =  -1.0
	[724 ,  774]  =  1.55337e-288
	[509 ,  775]  =  -1.0
	[725 ,  775]  =  1.05927e-289
	[747 ,  776]  =  1.0
	[726 ,  777]  =  2.08202e-289
	[747 ,  777]  =  -1.0
	[727 ,  778]  =  1.0
	[728 ,  779]  =  1.0
	[729 ,  780]  =  1.31224e-289
	[949 ,  780]  =  -1.0
	[730 ,  781]  =  1.0
	[150 ,  782]  =  -1.0
	[731 ,  782]  =  1.17197e-289
	[732 ,  783]  =  1.0
	[733 ,  784]  =  1.0
	[734 ,  785]  =  1.0
	[735 ,  786]  =  1.0
	[736 ,  787]  =  1.0
	[742 ,  788]  =  1.0
	[389 ,  789]  =  -1.0
	[743 ,  789]  =  1.24812e-289
	[744 ,  790]  =  1.0
	[586 ,  791]  =  -1.0
	[745 ,  791]  =  4.30078e-289
	[746 ,  792]  =  1.0
	[748 ,  793]  =  1.0
	[678 ,  794]  =  -1.0
	[749 ,  794]  =  1.15115e-288
	[750 ,  795]  =  1.0
	[751 ,  796]  =  1.0
	[752 ,  797]  =  1.0
	[753 ,  798]  =  1.0
	[754 ,  799]  =  1.0
	[755 ,  800]  =  1.0
	[756 ,  801]  =  1.0
	[757 ,  802]  =  1.0
	[758 ,  803]  =  1.0
	[759 ,  804]  =  1.0
	[739 ,  805]  =  -2.01205e-289
	[968 ,  805]  =  1.0
	[231 ,  806]  =  1.0
	[241 ,  806]  =  -1.11098e-289
	[762 ,  807]  =  1.0
	[763 ,  808]  =  1.0
	[764 ,  809]  =  1.0
	[765 ,  810]  =  1.0
	[766 ,  811]  =  1.0
	[767 ,  812]  =  1.0
	[768 ,  813]  =  1.0
	[770 ,  814]  =  1.0
	[771 ,  815]  =  1.0
	[772 ,  816]  =  1.0
	[773 ,  817]  =  1.0
	[775 ,  818]  =  1.0
	[776 ,  819]  =  1.0
	[777 ,  820]  =  1.0
	[778 ,  821]  =  1.0
	[779 ,  822]  =  1.0
	[780 ,  823]  =  1.0
	[231 ,  824]  =  -1.0
	[781 ,  824]  =  7.92518e-289
	[782 ,  825]  =  1.0
	[783 ,  826]  =  1.0
	[784 ,  827]  =  1.0
	[785 ,  828]  =  1.0
	[786 ,  829]  =  1.0
	[787 ,  830]  =  1.0
	[788 ,  831]  =  1.0
	[789 ,  832]  =  1.0
	[790 ,  833]  =  1.0
	[791 ,  834]  =  1.0
	[792 ,  835]  =  1.0
	[794 ,  836]  =  1.0
	[795 ,  837]  =  1.0
	[796 ,  838]  =  1.0
	[798 ,  839]  =  1.0
	[799 ,  840]  =  1.0
	[800 ,  841]  =  1.0
	[801 ,  842]  =  1.0
	[802 ,  843]  =  2.10989e-289
	[826 ,  843]  =  -1.0
	[803 ,  844]  =  1.0
	[804 ,  845]  =  1.0
	[805 ,  846]  =  1.0
	[807 ,  847]  =  1.0
	[808 ,  848]  =  1.0
	[810 ,  849]  =  1.0
	[811 ,  850]  =  1.0
	[650 ,  851]  =  -1.0
	[812 ,  851]  =  1.01069e-289
	[813 ,  852]  =  1.0
	[814 ,  853]  =  1.0
	[815 ,  854]  =  1.0
	[816 ,  855]  =  1.0
	[817 ,  856]  =  1.0
	[818 ,  857]  =  1.0
	[819 ,  858]  =  1.0
	[88  ,  859]  =  -1.0
	[820 ,  859]  =  8.55226e-289
	[821 ,  860]  =  1.0
	[243 ,  861]  =  -1.05169e-289
	[775 ,  861]  =  -5.72465e-290
	[835 ,  861]  =  1.0
	[824 ,  862]  =  1.0
	[825 ,  863]  =  1.0
	[486 ,  864]  =  -1.0
	[827 ,  864]  =  1.03956e-288
	[828 ,  865]  =  1.0
	[830 ,  866]  =  1.0
	[584 ,  867]  =  -1.0
	[831 ,  867]  =  1.89475e-289
	[832 ,  868]  =  1.0
	[834 ,  869]  =  1.0
	[837 ,  870]  =  1.0
	[839 ,  871]  =  1.0
	[840 ,  872]  =  1.0
	[791 ,  873]  =  -1.0
	[841 ,  873]  =  5.19043e-289
	[842 ,  874]  =  1.0
	[844 ,  875]  =  1.0
	[845 ,  876]  =  1.0
	[847 ,  877]  =  1.0
	[848 ,  878]  =  1.0
	[849 ,  879]  =  1.0
	[432 ,  880]  =  -1.0
	[850 ,  880]  =  1.03582e-289
	[851 ,  881]  =  1.0
	[441 ,  882]  =  1.0
	[659 ,  882]  =  -2.12114e-289
	[855 ,  883]  =  1.0
	[856 ,  884]  =  1.0
	[857 ,  885]  =  1.0
	[859 ,  886]  =  1.0
	[860 ,  887]  =  1.0
	[53  ,  888]  =  -1.0
	[861 ,  888]  =  2.39335e-289
	[862 ,  889]  =  1.0
	[384 ,  890]  =  -1.0
	[863 ,  890]  =  2.05572e-289
	[864 ,  891]  =  1.0
	[865 ,  892]  =  1.0
	[866 ,  893]  =  1.0
	[867 ,  894]  =  1.0
	[489 ,  895]  =  -1.0
	[868 ,  895]  =  2.92686e-289
	[869 ,  896]  =  1.0
	[870 ,  897]  =  1.0
	[901 ,  898]  =  1.0
	[871 ,  899]  =  1.85668e-289
	[901 ,  899]  =  -1.0
	[872 ,  900]  =  1.0
	[873 ,  901]  =  1.0
	[875 ,  902]  =  1.0
	[876 ,  903]  =  1.0
	[877 ,  904]  =  1.0
	[878 ,  905]  =  1.0
	[879 ,  906]  =  1.0
	[880 ,  907]  =  1.0
	[882 ,  908]  =  1.0
	[883 ,  909]  =  1.0
	[884 ,  910]  =  1.0
	[885 ,  911]  =  1.0
	[119 ,  912]  =  -1.0
	[887 ,  912]  =  7.11256e-288
	[384 ,  913]  =  -1.0
	[888 ,  913]  =  2.62666e-289
	[889 ,  914]  =  1.0
	[890 ,  915]  =  1.0
	[892 ,  916]  =  1.0
	[893 ,  917]  =  1.0
	[858 ,  918]  =  -1.0
	[960 ,  918]  =  1.88361e-289
	[206 ,  919]  =  -1.0
	[896 ,  919]  =  1.19796e-289
	[223 ,  920]  =  -1.0
	[898 ,  920]  =  1.18195e-289
	[899 ,  921]  =  1.0
	[900 ,  922]  =  1.0
	[902 ,  923]  =  1.0
	[903 ,  924]  =  1.0
	[904 ,  925]  =  1.0
	[905 ,  926]  =  1.0
	[906 ,  927]  =  1.0
	[838 ,  928]  =  -1.76553e-289
	[995 ,  928]  =  1.0
	[104 ,  929]  =  1.0
	[501 ,  929]  =  -3.30295e-289
	[911 ,  930]  =  1.0
	[913 ,  931]  =  1.0
	[914 ,  932]  =  1.0
	[916 ,  933]  =  1.0
	[918 ,  934]  =  1.0
	[919 ,  935]  =  1.0
	[920 ,  936]  =  1.0
	[921 ,  937]  =  1.0
	[922 ,  938]  =  1.0
	[923 ,  939]  =  1.0
	[924 ,  940]  =  1.0
	[926 ,  941]  =  1.0
	[927 ,  942]  =  1.0
	[928 ,  943]  =  1.0
	[929 ,  944]  =  1.0
	[930 ,  945]  =  1.0
	[931 ,  946]  =  1.0
	[933 ,  947]  =  1.0
	[934 ,  948]  =  1.0
	[935 ,  949]  =  1.0
	[938 ,  950]  =  1.0
	[939 ,  951]  =  1.0
	[940 ,  952]  =  1.0
	[941 ,  953]  =  1.0
	[942 ,  954]  =  1.0
	[943 ,  955]  =  1.0
	[944 ,  956]  =  1.0
	[122 ,  957]  =  -1.0
	[945 ,  957]  =  1.23732e-289
	[947 ,  958]  =  1.0
	[948 ,  959]  =  1.0
	[950 ,  960]  =  1.0
	[198 ,  961]  =  -1.22798e-289
	[522 ,  961]  =  1.0
	[794 ,  961]  =  -1.74976e-289
	[953 ,  962]  =  1.0
	[954 ,  963]  =  1.0
	[956 ,  964]  =  1.0
	[957 ,  965]  =  1.0
	[958 ,  966]  =  1.0
	[959 ,  967]  =  1.0
	[961 ,  968]  =  1.0
	[336 ,  969]  =  -1.0
	[962 ,  969]  =  8.80897e-289
	[963 ,  970]  =  1.0
	[232 ,  971]  =  -1.0
	[964 ,  971]  =  3.8053e-289
	[93  ,  972]  =  -1.0
	[965 ,  972]  =  2.48793e-289
	[966 ,  973]  =  1.0
	[969 ,  974]  =  1.0
	[970 ,  975]  =  1.0
	[971 ,  976]  =  1.0
	[943 ,  977]  =  -1.0
	[973 ,  977]  =  2.07201e-289
	[174 ,  978]  =  -1.0
	[974 ,  978]  =  1.61629e-289
	[975 ,  979]  =  1.0
	[976 ,  980]  =  1.0
	[977 ,  981]  =  1.0
	[978 ,  982]  =  1.0
	[979 ,  983]  =  1.0
	[980 ,  984]  =  1.0
	[981 ,  985]  =  1.0
	[982 ,  986]  =  1.0
	[983 ,  987]  =  1.0
	[984 ,  988]  =  1.0
	[783 ,  989]  =  -1.0
	[986 ,  989]  =  1.56915e-289
	[987 ,  990]  =  1.0
	[988 ,  991]  =  1.0
	[989 ,  992]  =  1.0
	[990 ,  993]  =  1.0
	[93  ,  994]  =  -1.0
	[991 ,  994]  =  1.52932e-289
	[992 ,  995]  =  1.0
	[993 ,  996]  =  1.0
	[994 ,  997]  =  1.0
	[996 ,  998]  =  1.0
	[999 ,  999]  =  1.0
	[1000, 1000]  =  1.0
[Finished in 3.499s]
