[Command: julia /Users/Caitlin/development/computeEig/powermethod.jl]
sparcematrix =
	[78 ,   1]  =  0.475444
	[85 ,   3]  =  0.625997
	[86 ,   5]  =  0.427599
	[66 ,   6]  =  0.84993
	[72 ,   9]  =  0.518806
	[91 ,  10]  =  0.287314
	[66 ,  12]  =  0.864395
	[30 ,  13]  =  0.0557503
	[15 ,  14]  =  0.979606
	[95 ,  14]  =  0.528546
	[52 ,  15]  =  0.930987
	[89 ,  15]  =  0.150988
	[100,  15]  =  0.95454
	[7  ,  16]  =  0.161179
	[32 ,  16]  =  0.577791
	[4  ,  17]  =  0.374448
	[76 ,  17]  =  0.328395
	[5  ,  18]  =  0.711485
	[82 ,  18]  =  0.821845
	[54 ,  23]  =  0.334578
	[23 ,  24]  =  0.51371
	[57 ,  24]  =  0.0844891
	[88 ,  24]  =  0.318981
	[96 ,  24]  =  0.153759
	[90 ,  26]  =  0.60006
	[49 ,  27]  =  0.1646
	[75 ,  27]  =  0.272564
	[91 ,  28]  =  0.750249
	[59 ,  29]  =  0.301977
	[74 ,  29]  =  0.651616
	[24 ,  31]  =  0.280824
	[32 ,  35]  =  0.222581
	[67 ,  35]  =  0.991701
	[72 ,  36]  =  0.888857
	[37 ,  38]  =  0.0320404
	[51 ,  39]  =  0.636887
	[55 ,  39]  =  0.480152
	[89 ,  40]  =  0.838369
	[30 ,  42]  =  0.743849
	[82 ,  42]  =  0.469769
	[59 ,  44]  =  0.665663
	[53 ,  45]  =  0.86024
	[87 ,  45]  =  0.275544
	[35 ,  46]  =  0.345898
	[16 ,  47]  =  0.287962
	[24 ,  49]  =  0.733335
	[54 ,  50]  =  0.286142
	[4  ,  52]  =  0.752874
	[5  ,  52]  =  0.449516
	[20 ,  52]  =  0.119594
	[63 ,  54]  =  0.370082
	[51 ,  56]  =  0.876761
	[80 ,  56]  =  0.813304
	[20 ,  57]  =  0.00670241
	[5  ,  58]  =  0.970105
	[33 ,  58]  =  0.86528
	[99 ,  58]  =  0.488984
	[84 ,  59]  =  0.333095
	[28 ,  60]  =  0.723353
	[4  ,  62]  =  0.541059
	[43 ,  62]  =  0.308925
	[56 ,  63]  =  0.752158
	[28 ,  64]  =  0.752446
	[26 ,  67]  =  0.559562
	[94 ,  67]  =  0.768796
	[66 ,  68]  =  0.325911
	[88 ,  68]  =  0.511451
	[9  ,  69]  =  0.462036
	[22 ,  69]  =  0.379457
	[26 ,  69]  =  0.223332
	[54 ,  70]  =  0.923612
	[4  ,  71]  =  0.546159
	[98 ,  71]  =  0.866644
	[1  ,  73]  =  0.393966
	[36 ,  73]  =  0.327101
	[67 ,  73]  =  0.596609
	[73 ,  73]  =  0.851628
	[50 ,  76]  =  0.854135
	[23 ,  78]  =  0.876992
	[84 ,  79]  =  0.110058
	[29 ,  80]  =  0.073767
	[4  ,  81]  =  0.152898
	[6  ,  81]  =  0.0784295
	[35 ,  85]  =  0.41199
	[37 ,  85]  =  0.713001
	[53 ,  86]  =  0.253263
	[8  ,  87]  =  0.598982
	[43 ,  87]  =  0.85131
	[50 ,  87]  =  0.0583764
	[71 ,  89]  =  0.675211
	[94 ,  89]  =  0.00813922
	[80 ,  90]  =  0.170859
	[11 ,  92]  =  0.983497
	[24 ,  92]  =  0.136571
	[63 ,  93]  =  0.827688
	[81 ,  93]  =  0.178187
	[84 ,  93]  =  0.486664
	[11 ,  94]  =  0.304139
	[60 ,  96]  =  0.350028
	[86 ,  96]  =  0.119525
	[40 ,  97]  =  0.995959
	[43 ,  98]  =  0.640643
	[92 ,  98]  =  0.0631406
	[21 ,  99]  =  0.887076
	[45 ,  99]  =  0.205719
	[9  , 100]  =  0.768409
	[75 , 100]  =  0.690173
i = 15
sparse(dominantEigenvector) =
	[1  ,   1]  =  0.269541
	[11 ,   1]  =  0.131595
	[23 ,   1]  =  0.15496
	[26 ,   1]  =  0.268197
	[29 ,   1]  =  0.00521676
	[36 ,   1]  =  0.223794
	[51 ,   1]  =  0.024055
	[54 ,   1]  =  0.0608789
	[56 ,   1]  =  0.0233655
	[59 ,   1]  =  0.0018498
	[63 ,   1]  =  0.0264554
	[67 ,   1]  =  0.408184
	[72 ,   1]  =  0.233577
	[73 ,   1]  =  0.582661
	[74 ,   1]  =  0.00399156
	[78 ,   1]  =  0.150479
	[80 ,   1]  =  0.0602267
	[84 ,   1]  =  0.000723508
	[90 ,   1]  =  0.188972
	[94 ,   1]  =  0.368482

  [1  ,  94]  =  0.269541
  [11 ,  94]  =  0.131595
  [23 ,  94]  =  0.15496
  [26 ,  94]  =  0.268197
  [29 ,  94]  =  0.00521676
  [36 ,  94]  =  0.223794
  [51 ,  94]  =  0.024055
  [54 ,  94]  =  0.0608789
  [56 ,  94]  =  0.0233655
  [59 ,  94]  =  0.0018498
  [63 ,  94]  =  0.0264554
  [67 ,  94]  =  0.408184
  [72 ,  94]  =  0.233577
  [73 ,  94]  =  0.582661
  [74 ,  94]  =  0.00399156
  [78 ,  94]  =  0.150479
  [80 ,  94]  =  0.0602267
  [84 ,  94]  =  0.000723508
  [90 ,  94]  =  0.188972
  [94 ,  94]  =  0.368482

sparse(allEigenvectors) =
	[51 ,   1]  =  1.0
	[84 ,   2]  =  1.0
	[59 ,   3]  =  3.0084e-290
	[84 ,   3]  =  -1.0
	[74 ,   4]  =  1.0
	[59 ,   5]  =  -3.0084e-290
	[74 ,   5]  =  -6.49163e-290
	[84 ,   5]  =  1.0
	[59 ,   6]  =  3.0084e-290
	[74 ,   6]  =  6.49163e-290
	[84 ,   6]  =  -1.0
	[59 ,   7]  =  -3.0084e-290
	[74 ,   7]  =  -6.49163e-290
	[84 ,   7]  =  1.0
	[59 ,   8]  =  3.0084e-290
	[74 ,   8]  =  6.49163e-290
	[84 ,   8]  =  -1.0
	[59 ,   9]  =  -3.0084e-290
	[74 ,   9]  =  -6.49163e-290
	[84 ,   9]  =  1.0
	[59 ,  10]  =  3.0084e-290
	[74 ,  10]  =  6.49163e-290
	[84 ,  10]  =  -1.0
	[59 ,  11]  =  -3.0084e-290
	[74 ,  11]  =  -6.49163e-290
	[84 ,  11]  =  1.0
	[59 ,  12]  =  3.0084e-290
	[74 ,  12]  =  6.49163e-290
	[84 ,  12]  =  -1.0
	[2  ,  13]  =  1.0
	[59 ,  14]  =  -3.0084e-290
	[74 ,  14]  =  -6.49163e-290
	[84 ,  14]  =  1.0
	[59 ,  15]  =  3.0084e-290
	[74 ,  15]  =  6.49163e-290
	[84 ,  15]  =  -1.0
	[11 ,  16]  =  1.0
	[11 ,  17]  =  -1.0
	[94 ,  17]  =  3.29482e-290
	[59 ,  18]  =  -3.0084e-290
	[74 ,  18]  =  -6.49163e-290
	[84 ,  18]  =  1.0
	[37 ,  19]  =  1.0
	[32 ,  20]  =  1.0
	[59 ,  21]  =  3.0084e-290
	[74 ,  21]  =  6.49163e-290
	[84 ,  21]  =  -1.0
	[59 ,  22]  =  -3.0084e-290
	[74 ,  22]  =  -6.49163e-290
	[84 ,  22]  =  1.0
	[59 ,  23]  =  3.0084e-290
	[74 ,  23]  =  6.49163e-290
	[84 ,  23]  =  -1.0
	[4  ,  24]  =  1.0
	[53 ,  25]  =  1.0
	[53 ,  26]  =  -1.0
	[86 ,  26]  =  3.95669e-290
	[53 ,  27]  =  1.0
	[86 ,  27]  =  -3.95669e-290
	[66 ,  28]  =  1.0
	[6  ,  29]  =  1.17902e-290
	[66 ,  29]  =  -1.0
	[7  ,  30]  =  1.0
	[8  ,  31]  =  1.0
	[72 ,  32]  =  1.0
	[9  ,  33]  =  1.93152e-290
	[72 ,  33]  =  -1.0
	[91 ,  34]  =  1.0
	[10 ,  35]  =  3.48777e-290
	[91 ,  35]  =  -1.0
	[12 ,  36]  =  1.15929e-290
	[66 ,  36]  =  -1.0
	[30 ,  37]  =  1.0
	[13 ,  38]  =  1.79745e-289
	[30 ,  38]  =  -1.0
	[20 ,  39]  =  1.0
	[20 ,  40]  =  -1.0
	[57 ,  40]  =  1.49511e-288
	[28 ,  41]  =  1.33567e-290
	[91 ,  41]  =  -1.0
	[28 ,  42]  =  -1.33567e-290
	[91 ,  42]  =  1.0
	[88 ,  43]  =  1.0
	[28 ,  44]  =  1.33567e-290
	[91 ,  44]  =  -1.0
	[28 ,  45]  =  -1.33567e-290
	[91 ,  45]  =  1.0
	[28 ,  46]  =  1.33567e-290
	[91 ,  46]  =  -1.0
	[43 ,  47]  =  1.0
	[28 ,  48]  =  -1.33567e-290
	[91 ,  48]  =  1.0
	[28 ,  49]  =  1.33567e-290
	[91 ,  49]  =  -1.0
	[28 ,  50]  =  -1.33567e-290
	[91 ,  50]  =  1.0
	[75 ,  51]  =  1.0
	[9  ,  52]  =  -1.93152e-290
	[72 ,  52]  =  1.0
	[75 ,  52]  =  -1.73486e-290
	[53 ,  53]  =  -1.0
	[86 ,  53]  =  3.95669e-290
	[28 ,  54]  =  1.33567e-290
	[91 ,  54]  =  -1.0
	[95 ,  55]  =  1.0
	[28 ,  56]  =  -1.33567e-290
	[91 ,  56]  =  1.0
	[7  ,  57]  =  -0.268698
	[16 ,  57]  =  1.67056e-290
	[32 ,  57]  =  -0.963224
	[59 ,  58]  =  3.0084e-290
	[74 ,  58]  =  6.49163e-290
	[84 ,  58]  =  -1.0
	[59 ,  59]  =  -3.0084e-290
	[74 ,  59]  =  -6.49163e-290
	[84 ,  59]  =  1.0
	[59 ,  60]  =  3.0084e-290
	[74 ,  60]  =  6.49163e-290
	[84 ,  60]  =  -1.0
	[82 ,  61]  =  1.0
	[53 ,  62]  =  -1.0
	[86 ,  62]  =  3.95669e-290
	[19 ,  63]  =  1.0
	[21 ,  64]  =  1.0
	[22 ,  65]  =  1.0
	[25 ,  66]  =  1.0
	[28 ,  67]  =  1.33567e-290
	[91 ,  67]  =  -1.0
	[28 ,  68]  =  -1.33567e-290
	[91 ,  68]  =  1.0
	[28 ,  69]  =  1.33567e-290
	[91 ,  69]  =  -1.0
	[33 ,  70]  =  1.0
	[34 ,  71]  =  1.0
	[36 ,  72]  =  1.12739e-290
	[72 ,  72]  =  -1.0
	[37 ,  73]  =  -1.0
	[38 ,  73]  =  3.12756e-289
	[55 ,  74]  =  1.0
	[39 ,  75]  =  1.25637e-290
	[51 ,  75]  =  -0.798501
	[55 ,  75]  =  -0.601994
	[28 ,  76]  =  1.33567e-290
	[91 ,  76]  =  -1.0
	[41 ,  77]  =  1.0
	[30 ,  78]  =  -0.845505
	[42 ,  78]  =  1.13903e-290
	[82 ,  78]  =  -0.533968
	[59 ,  79]  =  -3.0084e-290
	[84 ,  79]  =  1.0
	[59 ,  80]  =  -3.0084e-290
	[74 ,  80]  =  -6.49163e-290
	[84 ,  80]  =  1.0
	[59 ,  81]  =  3.0084e-290
	[74 ,  81]  =  6.49163e-290
	[84 ,  81]  =  -1.0
	[59 ,  82]  =  -3.0084e-290
	[74 ,  82]  =  -6.49163e-290
	[84 ,  82]  =  1.0
	[7  ,  83]  =  0.268698
	[16 ,  83]  =  -1.67056e-290
	[32 ,  83]  =  0.963224
	[48 ,  84]  =  1.0
	[59 ,  85]  =  -3.0084e-290
	[74 ,  85]  =  -6.49163e-290
	[84 ,  85]  =  1.0
	[59 ,  86]  =  3.0084e-290
	[74 ,  86]  =  6.49163e-290
	[84 ,  86]  =  -1.0
	[61 ,  87]  =  1.0
	[4  ,  88]  =  -0.868417
	[43 ,  88]  =  -0.495834
	[62 ,  88]  =  1.60838e-290
	[28 ,  89]  =  -1.33567e-290
	[91 ,  89]  =  1.0
	[65 ,  90]  =  1.0
	[66 ,  91]  =  -0.537394
	[68 ,  91]  =  1.65234e-290
	[88 ,  91]  =  -0.843331
	[59 ,  92]  =  -3.0084e-290
	[74 ,  92]  =  -6.49163e-290
	[84 ,  92]  =  1.0
	[59 ,  93]  =  3.0084e-290
	[74 ,  93]  =  6.49163e-290
	[84 ,  93]  =  -1.0
	[1  ,  94]  =  0.269541
	[11 ,  94]  =  0.131595
	[23 ,  94]  =  0.15496
	[26 ,  94]  =  0.268197
	[29 ,  94]  =  0.00521676
	[36 ,  94]  =  0.223794
	[51 ,  94]  =  0.024055
	[54 ,  94]  =  0.0608789
	[56 ,  94]  =  0.0233655
	[59 ,  94]  =  0.0018498
	[63 ,  94]  =  0.0264554
	[67 ,  94]  =  0.408184
	[72 ,  94]  =  0.233577
	[73 ,  94]  =  0.582661
	[74 ,  94]  =  0.00399156
	[78 ,  94]  =  0.150479
	[80 ,  94]  =  0.0602267
	[84 ,  94]  =  0.000723508
	[90 ,  94]  =  0.188972
	[94 ,  94]  =  0.368482
	[77 ,  95]  =  1.0
	[79 ,  96]  =  9.10504e-290
	[84 ,  96]  =  -1.0
	[4  ,  97]  =  -2.29849e-290
	[6  ,  97]  =  -1.17902e-290
	[66 ,  97]  =  1.0
	[83 ,  98]  =  1.0
	[4  ,  99]  =  2.29849e-290
	[6  ,  99]  =  1.17902e-290
	[66 ,  99]  =  -1.0
	[28 , 100]  =  -1.33567e-290
	[91 , 100]  =  1.0
[Finished in 4.65s]
