[Command: julia /Users/Caitlin/development/computeEig/powermethod.jl]
i = 22
sparse(dominantEigenvector) =
	[13  ,    1]  =  1.1996e-6
	[14  ,    1]  =  7.63383e-8
	[25  ,    1]  =  2.72563e-7
	[31  ,    1]  =  3.86064e-14
	[35  ,    1]  =  1.05368e-11
	[41  ,    1]  =  6.63584e-12
	[51  ,    1]  =  2.28659e-7
	[66  ,    1]  =  1.9287e-16
	[68  ,    1]  =  1.20018e-21
	[80  ,    1]  =  1.62698e-15
	[95  ,    1]  =  6.21047e-21
	[107 ,    1]  =  1.89686e-8
	[111 ,    1]  =  5.49578e-11
	[128 ,    1]  =  7.6982e-9
	[136 ,    1]  =  3.42549e-13
	[137 ,    1]  =  5.39661e-9
	[161 ,    1]  =  4.78485e-8
	[165 ,    1]  =  7.3643e-8
	[177 ,    1]  =  3.54346e-14
	[204 ,    1]  =  6.50956e-16
	[213 ,    1]  =  9.52041e-16
	[223 ,    1]  =  7.09251e-12
	[256 ,    1]  =  6.46842e-20
	[273 ,    1]  =  1.87743e-22
	[276 ,    1]  =  1.36741e-12
	[285 ,    1]  =  3.16696e-13
	[296 ,    1]  =  1.35091e-22
	[319 ,    1]  =  3.69843e-22
	[341 ,    1]  =  4.37026e-8
	[351 ,    1]  =  6.31477e-10
	[352 ,    1]  =  1.40428e-11
	[363 ,    1]  =  3.47404e-8
	[378 ,    1]  =  5.57491e-17
	[381 ,    1]  =  1.22146e-11
	[388 ,    1]  =  1.18644e-19
	[401 ,    1]  =  1.36799e-21
	[404 ,    1]  =  1.36826e-10
	[409 ,    1]  =  8.90675e-9
	[422 ,    1]  =  2.91661e-7
	[437 ,    1]  =  1.25523e-14
	[439 ,    1]  =  1.57719e-9
	[458 ,    1]  =  1.0298e-14
	[463 ,    1]  =  1.72764e-7
	[465 ,    1]  =  5.27277e-18
	[496 ,    1]  =  6.03019e-11
	[514 ,    1]  =  1.73555e-8
	[524 ,    1]  =  4.73768e-12
	[530 ,    1]  =  1.16586e-11
	[538 ,    1]  =  5.34487e-21
	[541 ,    1]  =  1.42391e-8
	[549 ,    1]  =  1.04777e-21
	[553 ,    1]  =  8.77572e-14
	[554 ,    1]  =  3.38544e-18
	[560 ,    1]  =  6.82654e-7
	[566 ,    1]  =  1.94198e-8
	[573 ,    1]  =  6.28512e-7
	[575 ,    1]  =  5.13313e-7
	[590 ,    1]  =  1.03174e-12
	[595 ,    1]  =  3.40175e-8
	[598 ,    1]  =  1.0
	[611 ,    1]  =  4.26087e-11
	[612 ,    1]  =  5.44844e-23
	[619 ,    1]  =  1.1333e-11
	[621 ,    1]  =  1.49279e-11
	[623 ,    1]  =  3.07077e-12
	[627 ,    1]  =  1.29601e-20
	[632 ,    1]  =  1.18551e-6
	[642 ,    1]  =  2.70121e-9
	[646 ,    1]  =  1.33561e-9
	[647 ,    1]  =  2.70322e-10
	[688 ,    1]  =  5.30561e-9
	[695 ,    1]  =  0.000201838
	[705 ,    1]  =  1.26831e-9
	[730 ,    1]  =  1.14035e-8
	[789 ,    1]  =  1.57813e-6
	[797 ,    1]  =  4.16425e-18
	[811 ,    1]  =  3.78564e-13
	[820 ,    1]  =  3.80738e-14
	[834 ,    1]  =  5.52471e-13
	[838 ,    1]  =  1.3641e-8
	[853 ,    1]  =  1.12048e-18
	[859 ,    1]  =  7.11671e-19
	[866 ,    1]  =  1.2327e-13
	[874 ,    1]  =  2.15097e-12
	[879 ,    1]  =  1.15344e-12
	[889 ,    1]  =  9.52118e-11
	[906 ,    1]  =  8.05376e-12
	[912 ,    1]  =  6.37129e-9
	[919 ,    1]  =  1.16536e-6
	[929 ,    1]  =  3.68155e-18
	[942 ,    1]  =  2.78058e-15
	[944 ,    1]  =  1.53255e-13
	[996 ,    1]  =  3.53471e-7
	[998 ,    1]  =  4.14924e-12


sparse(allEigenvectors) =
	[45  ,    1]  =  1.0
	[45  ,    2]  =  -1.0
	[193 ,    2]  =  1.7054e-289
	[45  ,    3]  =  1.0
	[193 ,    3]  =  -1.7054e-289
	[2   ,    4]  =  1.0
	[423 ,    5]  =  1.0
	[268 ,    6]  =  4.26107e-289
	[423 ,    6]  =  -1.0
	[268 ,    7]  =  -4.26107e-289
	[423 ,    7]  =  1.0
	[268 ,    8]  =  4.26107e-289
	[423 ,    8]  =  -1.0
	[318 ,    9]  =  1.0
	[288 ,   10]  =  1.79505e-289
	[318 ,   10]  =  -1.0
	[288 ,   11]  =  -1.79505e-289
	[318 ,   11]  =  1.0
	[12  ,   12]  =  1.0
	[12  ,   13]  =  -1.0
	[40  ,   13]  =  1.16204e-289
	[12  ,   14]  =  1.0
	[40  ,   14]  =  -1.16204e-289
	[12  ,   15]  =  -1.0
	[40  ,   15]  =  1.16204e-289
	[12  ,   16]  =  1.0
	[40  ,   16]  =  -1.16204e-289
	[288 ,   17]  =  1.79505e-289
	[318 ,   17]  =  -1.0
	[36  ,   18]  =  1.0
	[637 ,   19]  =  1.0
	[288 ,   20]  =  -1.79505e-289
	[318 ,   20]  =  1.0
	[288 ,   21]  =  1.79505e-289
	[318 ,   21]  =  -1.0
	[527 ,   22]  =  1.0
	[586 ,   23]  =  1.0
	[586 ,   24]  =  -1.0
	[682 ,   24]  =  1.49449e-289
	[527 ,   25]  =  -1.77009e-288
	[586 ,   25]  =  1.0
	[682 ,   25]  =  -1.49449e-289
	[527 ,   26]  =  1.77009e-288
	[586 ,   26]  =  -1.0
	[682 ,   26]  =  1.49449e-289
	[527 ,   27]  =  -1.77009e-288
	[586 ,   27]  =  1.0
	[682 ,   27]  =  -1.49449e-289
	[789 ,   28]  =  1.0
	[902 ,   29]  =  1.0
	[539 ,   30]  =  1.00649e-289
	[902 ,   30]  =  -1.0
	[709 ,   31]  =  1.0
	[789 ,   32]  =  -1.0
	[919 ,   32]  =  1.94294e-289
	[632 ,   33]  =  1.0
	[560 ,   34]  =  1.51504e-289
	[632 ,   34]  =  -1.0
	[560 ,   35]  =  -8.88647e-290
	[632 ,   35]  =  0.586552
	[789 ,   35]  =  0.809912
	[919 ,   35]  =  -1.57361e-289
	[560 ,   36]  =  8.88647e-290
	[632 ,   36]  =  -0.586552
	[789 ,   36]  =  -0.809912
	[919 ,   36]  =  1.57361e-289
	[658 ,   37]  =  1.0
	[599 ,   38]  =  2.01997e-289
	[658 ,   38]  =  -0.840787
	[709 ,   38]  =  -0.541366
	[560 ,   39]  =  -8.88647e-290
	[632 ,   39]  =  0.586552
	[789 ,   39]  =  0.809912
	[919 ,   39]  =  -1.57361e-289
	[313 ,   40]  =  1.0
	[6   ,   41]  =  8.91909e-289
	[313 ,   41]  =  -1.0
	[834 ,   42]  =  1.0
	[432 ,   43]  =  1.0
	[731 ,   44]  =  1.0
	[644 ,   45]  =  2.25616e-289
	[731 ,   45]  =  -1.0
	[213 ,   46]  =  1.0
	[213 ,   47]  =  -0.00172324
	[820 ,   47]  =  1.00941e-289
	[834 ,   47]  =  -0.999999
	[213 ,   48]  =  0.00172324
	[820 ,   48]  =  -1.00941e-289
	[834 ,   48]  =  0.999999
	[213 ,   49]  =  -0.00172324
	[820 ,   49]  =  1.00941e-289
	[834 ,   49]  =  -0.999999
	[213 ,   50]  =  0.00172324
	[820 ,   50]  =  -1.00941e-289
	[834 ,   50]  =  0.999999
	[327 ,   51]  =  1.0
	[956 ,   52]  =  1.0
	[213 ,   53]  =  -0.00172324
	[820 ,   53]  =  1.00941e-289
	[834 ,   53]  =  -0.999999
	[213 ,   54]  =  0.00172324
	[820 ,   54]  =  -1.00941e-289
	[834 ,   54]  =  0.999999
	[176 ,   55]  =  1.0
	[213 ,   56]  =  -0.00172324
	[820 ,   56]  =  1.00941e-289
	[834 ,   56]  =  -0.999999
	[8   ,   57]  =  1.0
	[13  ,   58]  =  1.0
	[560 ,   59]  =  8.88647e-290
	[632 ,   59]  =  -0.586552
	[789 ,   59]  =  -0.809912
	[919 ,   59]  =  1.57361e-289
	[560 ,   60]  =  -8.88647e-290
	[632 ,   60]  =  0.586552
	[789 ,   60]  =  0.809912
	[919 ,   60]  =  -1.57361e-289
	[409 ,   61]  =  1.0
	[25  ,   62]  =  1.0
	[51  ,   63]  =  1.0
	[575 ,   64]  =  1.0
	[25  ,   65]  =  -0.436413
	[51  ,   65]  =  -0.366116
	[422 ,   65]  =  8.58484e-290
	[575 ,   65]  =  -0.82189
	[107 ,   66]  =  1.0
	[560 ,   67]  =  8.88647e-290
	[632 ,   67]  =  -0.586552
	[789 ,   67]  =  -0.809912
	[919 ,   67]  =  1.57361e-289
	[25  ,   68]  =  0.436413
	[51  ,   68]  =  0.366116
	[422 ,   68]  =  -8.58484e-290
	[575 ,   68]  =  0.82189
	[838 ,   69]  =  1.0
	[25  ,   70]  =  -0.436413
	[51  ,   70]  =  -0.366116
	[422 ,   70]  =  8.58484e-290
	[575 ,   70]  =  -0.82189
	[996 ,   71]  =  1.0
	[912 ,   72]  =  1.0607e-289
	[996 ,   72]  =  -1.0
	[912 ,   73]  =  -1.0607e-289
	[996 ,   73]  =  1.0
	[775 ,   74]  =  1.0
	[693 ,   75]  =  1.0
	[295 ,   76]  =  8.78678e-290
	[693 ,   76]  =  -0.574167
	[775 ,   76]  =  -0.818738
	[912 ,   77]  =  1.0607e-289
	[996 ,   77]  =  -1.0
	[912 ,   78]  =  -1.0607e-289
	[996 ,   78]  =  1.0
	[912 ,   79]  =  1.0607e-289
	[996 ,   79]  =  -1.0
	[912 ,   80]  =  -1.0607e-289
	[996 ,   80]  =  1.0
	[394 ,   81]  =  1.0
	[912 ,   82]  =  1.0607e-289
	[996 ,   82]  =  -1.0
	[10  ,   83]  =  8.38788e-289
	[51  ,   83]  =  -1.0
	[14  ,   84]  =  1.0
	[15  ,   85]  =  1.0
	[16  ,   86]  =  1.0
	[444 ,   87]  =  1.0
	[472 ,   88]  =  1.0
	[228 ,   89]  =  1.89713e-289
	[444 ,   89]  =  -1.0
	[917 ,   90]  =  1.0
	[258 ,   91]  =  1.0
	[228 ,   92]  =  -1.89713e-289
	[444 ,   92]  =  1.0
	[472 ,   92]  =  -3.71429e-290
	[258 ,   93]  =  -0.773544
	[548 ,   93]  =  2.54247e-289
	[917 ,   93]  =  -0.633742
	[228 ,   94]  =  1.89713e-289
	[258 ,   94]  =  7.02032e-290
	[444 ,   94]  =  -1.0
	[472 ,   94]  =  3.71429e-290
	[917 ,   94]  =  5.75154e-290
	[228 ,   95]  =  -1.89713e-289
	[258 ,   95]  =  -7.02032e-290
	[444 ,   95]  =  1.0
	[472 ,   95]  =  -3.71429e-290
	[917 ,   95]  =  -5.75154e-290
	[228 ,   96]  =  1.89713e-289
	[258 ,   96]  =  7.02032e-290
	[444 ,   96]  =  -1.0
	[472 ,   96]  =  3.71429e-290
	[917 ,   96]  =  5.75154e-290
	[292 ,   97]  =  1.0
	[292 ,   98]  =  -1.0
	[492 ,   98]  =  2.66143e-289
	[292 ,   99]  =  1.0
	[492 ,   99]  =  -2.66143e-289
	[341 ,  100]  =  1.0
	[514 ,  101]  =  1.0
	[161 ,  102]  =  1.97971e-289
	[341 ,  102]  =  -0.929394
	[514 ,  102]  =  -0.369089
	[161 ,  103]  =  -1.97971e-289
	[341 ,  103]  =  0.929394
	[514 ,  103]  =  0.369089
	[161 ,  104]  =  1.97971e-289
	[341 ,  104]  =  -0.929394
	[514 ,  104]  =  -0.369089
	[161 ,  105]  =  -1.97971e-289
	[341 ,  105]  =  0.929394
	[514 ,  105]  =  0.369089
	[808 ,  106]  =  1.0
	[560 ,  107]  =  8.88647e-290
	[632 ,  107]  =  -0.586552
	[789 ,  107]  =  -0.809912
	[919 ,  107]  =  1.57361e-289
	[560 ,  108]  =  -8.88647e-290
	[632 ,  108]  =  0.586552
	[789 ,  108]  =  0.809912
	[919 ,  108]  =  -1.57361e-289
	[560 ,  109]  =  8.88647e-290
	[632 ,  109]  =  -0.586552
	[789 ,  109]  =  -0.809912
	[919 ,  109]  =  1.57361e-289
	[161 ,  110]  =  -1.97971e-289
	[341 ,  110]  =  0.929394
	[514 ,  110]  =  0.369089
	[560 ,  111]  =  -8.88647e-290
	[632 ,  111]  =  0.586552
	[789 ,  111]  =  0.809912
	[919 ,  111]  =  -1.57361e-289
	[560 ,  112]  =  8.88647e-290
	[632 ,  112]  =  -0.586552
	[789 ,  112]  =  -0.809912
	[919 ,  112]  =  1.57361e-289
	[560 ,  113]  =  -8.88647e-290
	[632 ,  113]  =  0.586552
	[789 ,  113]  =  0.809912
	[919 ,  113]  =  -1.57361e-289
	[560 ,  114]  =  8.88647e-290
	[632 ,  114]  =  -0.586552
	[789 ,  114]  =  -0.809912
	[919 ,  114]  =  1.57361e-289
	[560 ,  115]  =  -8.88647e-290
	[632 ,  115]  =  0.586552
	[789 ,  115]  =  0.809912
	[919 ,  115]  =  -1.57361e-289
	[21  ,  116]  =  1.0
	[22  ,  117]  =  1.0
	[552 ,  118]  =  1.0
	[23  ,  119]  =  2.52498e-289
	[552 ,  119]  =  -1.0
	[165 ,  120]  =  1.0
	[560 ,  121]  =  -8.88647e-290
	[632 ,  121]  =  0.586552
	[789 ,  121]  =  0.809912
	[919 ,  121]  =  -1.57361e-289
	[161 ,  122]  =  1.97971e-289
	[341 ,  122]  =  -0.929394
	[514 ,  122]  =  -0.369089
	[161 ,  123]  =  -1.97971e-289
	[341 ,  123]  =  0.929394
	[514 ,  123]  =  0.369089
	[161 ,  124]  =  1.97971e-289
	[341 ,  124]  =  -0.929394
	[514 ,  124]  =  -0.369089
	[161 ,  125]  =  -1.97971e-289
	[341 ,  125]  =  0.929394
	[514 ,  125]  =  0.369089
	[407 ,  126]  =  1.0
	[15  ,  127]  =  -0.65945
	[26  ,  127]  =  9.41277e-290
	[407 ,  127]  =  -0.0107344
	[693 ,  127]  =  -0.751672
	[27  ,  128]  =  1.0
	[28  ,  129]  =  1.0
	[311 ,  130]  =  1.0
	[676 ,  131]  =  1.0
	[228 ,  132]  =  1.89713e-289
	[258 ,  132]  =  7.02032e-290
	[444 ,  132]  =  -1.0
	[472 ,  132]  =  3.71429e-290
	[917 ,  132]  =  5.75154e-290
	[228 ,  133]  =  -1.89713e-289
	[258 ,  133]  =  -7.02032e-290
	[444 ,  133]  =  1.0
	[472 ,  133]  =  -3.71429e-290
	[917 ,  133]  =  -5.75154e-290
	[30  ,  134]  =  1.0
	[647 ,  135]  =  1.0
	[611 ,  136]  =  2.3087e-289
	[647 ,  136]  =  -1.0
	[496 ,  137]  =  1.0
	[496 ,  138]  =  -3.26738e-289
	[611 ,  138]  =  -2.3087e-289
	[647 ,  138]  =  1.0
	[866 ,  139]  =  1.0
	[496 ,  140]  =  3.26738e-289
	[611 ,  140]  =  2.3087e-289
	[647 ,  140]  =  -1.0
	[496 ,  141]  =  -3.26738e-289
	[611 ,  141]  =  -2.3087e-289
	[647 ,  141]  =  1.0
	[322 ,  142]  =  1.0
	[32  ,  143]  =  1.35463e-289
	[322 ,  143]  =  -0.767241
	[917 ,  143]  =  -0.641359
	[76  ,  144]  =  1.0
	[33  ,  145]  =  1.26151e-289
	[76  ,  145]  =  -1.0
	[559 ,  146]  =  1.0
	[399 ,  147]  =  1.0
	[34  ,  148]  =  9.73354e-290
	[399 ,  148]  =  -0.665678
	[559 ,  148]  =  -0.746239
	[595 ,  149]  =  1.0
	[705 ,  150]  =  1.0
	[595 ,  151]  =  -0.0582898
	[705 ,  151]  =  -0.9983
	[889 ,  151]  =  1.09768e-289
	[595 ,  152]  =  0.0582898
	[705 ,  152]  =  0.9983
	[889 ,  152]  =  -1.09768e-289
	[984 ,  153]  =  1.0
	[37  ,  154]  =  2.07958e-289
	[984 ,  154]  =  -1.0
	[447 ,  155]  =  1.0
	[10  ,  156]  =  -8.38788e-289
	[51  ,  156]  =  1.0
	[311 ,  156]  =  -5.04277e-289
	[447 ,  156]  =  -3.72756e-289
	[10  ,  157]  =  8.38788e-289
	[51  ,  157]  =  -1.0
	[311 ,  157]  =  5.04277e-289
	[447 ,  157]  =  3.72756e-289
	[161 ,  158]  =  -1.97971e-289
	[341 ,  158]  =  0.929394
	[514 ,  158]  =  0.369089
	[213 ,  159]  =  0.00172324
	[820 ,  159]  =  -1.00941e-289
	[834 ,  159]  =  0.999999
	[161 ,  160]  =  1.97971e-289
	[341 ,  160]  =  -0.929394
	[514 ,  160]  =  -0.369089
	[912 ,  161]  =  1.0607e-289
	[996 ,  161]  =  -1.0
	[404 ,  162]  =  1.0
	[906 ,  163]  =  1.0
	[363 ,  164]  =  1.0
	[111 ,  165]  =  8.30871e-290
	[363 ,  165]  =  -0.715263
	[595 ,  165]  =  -0.698855
	[381 ,  166]  =  1.30756e-289
	[404 ,  166]  =  -1.0
	[111 ,  167]  =  -8.30871e-290
	[363 ,  167]  =  0.715263
	[595 ,  167]  =  0.698855
	[111 ,  168]  =  8.30871e-290
	[363 ,  168]  =  -0.715263
	[595 ,  168]  =  -0.698855
	[111 ,  169]  =  -8.30871e-290
	[363 ,  169]  =  0.715263
	[595 ,  169]  =  0.698855
	[161 ,  170]  =  -1.97971e-289
	[341 ,  170]  =  0.929394
	[514 ,  170]  =  0.369089
	[161 ,  171]  =  1.97971e-289
	[341 ,  171]  =  -0.929394
	[514 ,  171]  =  -0.369089
	[223 ,  172]  =  1.0
	[912 ,  173]  =  -1.0607e-289
	[996 ,  173]  =  1.0
	[874 ,  174]  =  1.0
	[161 ,  175]  =  -1.97971e-289
	[341 ,  175]  =  0.929394
	[514 ,  175]  =  0.369089
	[111 ,  176]  =  8.30871e-290
	[363 ,  176]  =  -0.715263
	[595 ,  176]  =  -0.698855
	[111 ,  177]  =  -8.30871e-290
	[363 ,  177]  =  0.715263
	[595 ,  177]  =  0.698855
	[458 ,  178]  =  1.0
	[111 ,  179]  =  8.30871e-290
	[363 ,  179]  =  -0.715263
	[595 ,  179]  =  -0.698855
	[136 ,  180]  =  1.0
	[136 ,  181]  =  -1.0
	[177 ,  181]  =  1.51515e-289
	[111 ,  182]  =  -8.30871e-290
	[363 ,  182]  =  0.715263
	[595 ,  182]  =  0.698855
	[111 ,  183]  =  8.30871e-290
	[363 ,  183]  =  -0.715263
	[595 ,  183]  =  -0.698855
	[204 ,  184]  =  1.0
	[111 ,  185]  =  -8.30871e-290
	[363 ,  185]  =  0.715263
	[595 ,  185]  =  0.698855
	[465 ,  186]  =  1.0
	[554 ,  187]  =  1.0
	[111 ,  188]  =  8.30871e-290
	[363 ,  188]  =  -0.715263
	[595 ,  188]  =  -0.698855
	[111 ,  189]  =  -8.30871e-290
	[363 ,  189]  =  0.715263
	[595 ,  189]  =  0.698855
	[111 ,  190]  =  8.30871e-290
	[363 ,  190]  =  -0.715263
	[595 ,  190]  =  -0.698855
	[111 ,  191]  =  -8.30871e-290
	[363 ,  191]  =  0.715263
	[595 ,  191]  =  0.698855
	[111 ,  192]  =  8.30871e-290
	[363 ,  192]  =  -0.715263
	[595 ,  192]  =  -0.698855
	[111 ,  193]  =  -8.30871e-290
	[363 ,  193]  =  0.715263
	[595 ,  193]  =  0.698855
	[551 ,  194]  =  1.0
	[551 ,  195]  =  -1.0
	[678 ,  195]  =  1.64351e-289
	[111 ,  196]  =  8.30871e-290
	[363 ,  196]  =  -0.715263
	[595 ,  196]  =  -0.698855
	[111 ,  197]  =  -8.30871e-290
	[363 ,  197]  =  0.715263
	[595 ,  197]  =  0.698855
	[560 ,  198]  =  8.88647e-290
	[632 ,  198]  =  -0.586552
	[789 ,  198]  =  -0.809912
	[919 ,  198]  =  1.57361e-289
	[228 ,  199]  =  -1.89713e-289
	[258 ,  199]  =  -7.02032e-290
	[444 ,  199]  =  1.0
	[472 ,  199]  =  -3.71429e-290
	[917 ,  199]  =  -5.75154e-290
	[111 ,  200]  =  8.30871e-290
	[363 ,  200]  =  -0.715263
	[595 ,  200]  =  -0.698855
	[183 ,  201]  =  1.0
	[43  ,  202]  =  1.16744e-289
	[183 ,  202]  =  -1.0
	[44  ,  203]  =  1.0
	[27  ,  204]  =  -1.0
	[947 ,  204]  =  2.17612e-289
	[27  ,  205]  =  1.0
	[947 ,  205]  =  -2.17612e-289
	[47  ,  206]  =  1.0
	[886 ,  207]  =  1.0
	[48  ,  208]  =  2.99991e-289
	[886 ,  208]  =  -1.0
	[909 ,  209]  =  1.0
	[49  ,  210]  =  1.09001e-289
	[909 ,  210]  =  -1.0
	[945 ,  211]  =  1.0
	[391 ,  212]  =  4.50306e-289
	[945 ,  212]  =  -1.0
	[685 ,  213]  =  1.0
	[685 ,  214]  =  -1.0
	[914 ,  214]  =  6.88594e-289
	[288 ,  215]  =  -1.79505e-289
	[318 ,  215]  =  1.0
	[288 ,  216]  =  1.79505e-289
	[318 ,  216]  =  -1.0
	[52  ,  217]  =  1.0
	[53  ,  218]  =  1.0
	[297 ,  219]  =  1.0
	[219 ,  220]  =  1.31202e-289
	[297 ,  220]  =  -1.0
	[219 ,  221]  =  -1.31202e-289
	[297 ,  221]  =  1.0
	[749 ,  222]  =  1.0
	[452 ,  223]  =  1.0
	[452 ,  224]  =  -1.0
	[464 ,  224]  =  3.69186e-289
	[857 ,  225]  =  1.0
	[397 ,  226]  =  1.03845e-289
	[749 ,  226]  =  -1.0
	[219 ,  227]  =  1.31202e-289
	[297 ,  227]  =  -1.0
	[452 ,  227]  =  9.29533e-289
	[749 ,  227]  =  1.98575e-288
	[55  ,  228]  =  1.0
	[161 ,  229]  =  1.97971e-289
	[341 ,  229]  =  -0.929394
	[514 ,  229]  =  -0.369089
	[58  ,  230]  =  1.0
	[59  ,  231]  =  1.0
	[60  ,  232]  =  1.0
	[505 ,  233]  =  1.0
	[279 ,  234]  =  1.0
	[279 ,  235]  =  -1.0
	[398 ,  235]  =  2.41845e-289
	[279 ,  236]  =  1.0
	[398 ,  236]  =  -2.41845e-289
	[111 ,  237]  =  -8.30871e-290
	[363 ,  237]  =  0.715263
	[595 ,  237]  =  0.698855
	[142 ,  238]  =  1.0
	[142 ,  239]  =  -1.0
	[836 ,  239]  =  1.48979e-289
	[142 ,  240]  =  3.27028e-289
	[279 ,  240]  =  -1.0
	[398 ,  240]  =  2.41845e-289
	[142 ,  241]  =  -3.27028e-289
	[279 ,  241]  =  1.0
	[398 ,  241]  =  -2.41845e-289
	[212 ,  242]  =  1.0
	[142 ,  243]  =  3.27028e-289
	[279 ,  243]  =  -1.0
	[398 ,  243]  =  2.41845e-289
	[142 ,  244]  =  -3.27028e-289
	[279 ,  244]  =  1.0
	[398 ,  244]  =  -2.41845e-289
	[495 ,  245]  =  1.0
	[264 ,  246]  =  1.0
	[180 ,  247]  =  1.46764e-289
	[264 ,  247]  =  -1.0
	[161 ,  248]  =  1.97971e-289
	[341 ,  248]  =  -0.929394
	[514 ,  248]  =  -0.369089
	[63  ,  249]  =  1.0
	[64  ,  250]  =  1.0
	[65  ,  251]  =  1.0
	[67  ,  252]  =  1.0
	[593 ,  253]  =  1.0
	[69  ,  254]  =  2.28208e-289
	[593 ,  254]  =  -1.0
	[610 ,  255]  =  1.0
	[371 ,  256]  =  1.23542e-289
	[610 ,  256]  =  -1.0
	[135 ,  257]  =  1.0
	[720 ,  258]  =  1.0
	[135 ,  259]  =  -1.0
	[907 ,  259]  =  2.9385e-289
	[33  ,  260]  =  -1.26151e-289
	[76  ,  260]  =  1.0
	[720 ,  260]  =  -9.77262e-290
	[33  ,  261]  =  1.26151e-289
	[76  ,  261]  =  -1.0
	[135 ,  261]  =  1.21454e-289
	[610 ,  261]  =  1.45903e-289
	[720 ,  261]  =  9.77262e-290
	[161 ,  262]  =  -1.97971e-289
	[341 ,  262]  =  0.929394
	[514 ,  262]  =  0.369089
	[526 ,  263]  =  1.0
	[419 ,  264]  =  1.72047e-289
	[866 ,  264]  =  -1.0
	[496 ,  265]  =  3.26738e-289
	[611 ,  265]  =  2.3087e-289
	[647 ,  265]  =  -1.0
	[496 ,  266]  =  -3.26738e-289
	[611 ,  266]  =  -2.3087e-289
	[647 ,  266]  =  1.0
	[496 ,  267]  =  3.26738e-289
	[611 ,  267]  =  2.3087e-289
	[647 ,  267]  =  -1.0
	[535 ,  268]  =  1.0
	[496 ,  269]  =  -3.26738e-289
	[611 ,  269]  =  -2.3087e-289
	[647 ,  269]  =  1.0
	[496 ,  270]  =  3.26738e-289
	[611 ,  270]  =  2.3087e-289
	[647 ,  270]  =  -1.0
	[496 ,  271]  =  -3.26738e-289
	[611 ,  271]  =  -2.3087e-289
	[647 ,  271]  =  1.0
	[73  ,  272]  =  1.0
	[327 ,  273]  =  -1.0
	[722 ,  273]  =  1.09033e-289
	[327 ,  274]  =  1.0
	[722 ,  274]  =  -1.09033e-289
	[359 ,  275]  =  1.0
	[75  ,  276]  =  1.49321e-288
	[359 ,  276]  =  -1.0
	[868 ,  277]  =  1.0
	[762 ,  278]  =  1.0
	[235 ,  279]  =  3.19375e-288
	[693 ,  279]  =  -1.0
	[235 ,  280]  =  -3.19375e-288
	[693 ,  280]  =  1.0
	[762 ,  280]  =  -3.5633e-288
	[868 ,  280]  =  -1.56806e-288
	[78  ,  281]  =  1.0
	[53  ,  282]  =  -1.0
	[82  ,  282]  =  2.58593e-288
	[848 ,  283]  =  1.56556e-289
	[984 ,  283]  =  -1.0
	[111 ,  284]  =  8.30871e-290
	[363 ,  284]  =  -0.715263
	[595 ,  284]  =  -0.698855
	[111 ,  285]  =  -8.30871e-290
	[363 ,  285]  =  0.715263
	[595 ,  285]  =  0.698855
	[106 ,  286]  =  1.0
	[84  ,  287]  =  4.28091e-289
	[106 ,  287]  =  -0.0509313
	[834 ,  287]  =  -0.998702
	[261 ,  288]  =  1.0
	[85  ,  289]  =  1.99008e-289
	[261 ,  289]  =  -1.0
	[424 ,  290]  =  1.0
	[213 ,  291]  =  0.00172324
	[820 ,  291]  =  -1.00941e-289
	[834 ,  291]  =  0.999999
	[213 ,  292]  =  -0.00172324
	[820 ,  292]  =  1.00941e-289
	[834 ,  292]  =  -0.999999
	[191 ,  293]  =  1.3933e-289
	[424 ,  293]  =  -1.0
	[241 ,  294]  =  1.0
	[219 ,  295]  =  1.31202e-289
	[297 ,  295]  =  -1.0
	[219 ,  296]  =  -1.31202e-289
	[297 ,  296]  =  1.0
	[219 ,  297]  =  1.31202e-289
	[297 ,  297]  =  -1.0
	[219 ,  298]  =  -1.31202e-289
	[297 ,  298]  =  1.0
	[219 ,  299]  =  1.31202e-289
	[297 ,  299]  =  -1.0
	[87  ,  300]  =  1.0
	[609 ,  301]  =  1.0
	[192 ,  302]  =  1.0
	[192 ,  303]  =  -1.0
	[406 ,  303]  =  1.95549e-289
	[192 ,  304]  =  1.0
	[406 ,  304]  =  -1.95549e-289
	[609 ,  304]  =  -5.89536e-290
	[89  ,  305]  =  1.87718e-288
	[593 ,  305]  =  -1.0
	[90  ,  306]  =  1.0
	[600 ,  307]  =  1.0
	[25  ,  308]  =  -0.584863
	[600 ,  308]  =  -0.811132
	[812 ,  308]  =  1.23962e-289
	[493 ,  309]  =  1.0
	[25  ,  310]  =  0.520646
	[268 ,  310]  =  -1.9412e-289
	[423 ,  310]  =  0.455565
	[493 ,  310]  =  -2.07327e-290
	[600 ,  310]  =  0.722072
	[812 ,  310]  =  -1.10351e-289
	[25  ,  311]  =  -0.520646
	[268 ,  311]  =  1.9412e-289
	[423 ,  311]  =  -0.455565
	[493 ,  311]  =  2.07327e-290
	[600 ,  311]  =  -0.722072
	[812 ,  311]  =  1.10351e-289
	[93  ,  312]  =  1.0
	[576 ,  313]  =  1.0
	[185 ,  314]  =  1.29729e-289
	[576 ,  314]  =  -1.0
	[185 ,  315]  =  -1.29729e-289
	[576 ,  315]  =  1.0
	[185 ,  316]  =  1.29729e-289
	[576 ,  316]  =  -1.0
	[95  ,  317]  =  1.0
	[154 ,  318]  =  1.0
	[807 ,  319]  =  1.0
	[96  ,  320]  =  9.20779e-290
	[154 ,  320]  =  -0.201274
	[505 ,  320]  =  -0.558395
	[807 ,  320]  =  -0.804788
	[208 ,  321]  =  1.0
	[557 ,  322]  =  1.0
	[97  ,  323]  =  2.31611e-289
	[208 ,  323]  =  -0.789249
	[557 ,  323]  =  -0.614073
	[560 ,  324]  =  8.88647e-290
	[632 ,  324]  =  -0.586552
	[789 ,  324]  =  -0.809912
	[919 ,  324]  =  1.57361e-289
	[565 ,  325]  =  1.0
	[99  ,  326]  =  4.47954e-289
	[565 ,  326]  =  -1.0
	[100 ,  327]  =  1.0
	[228 ,  328]  =  -1.89713e-289
	[444 ,  328]  =  1.0
	[334 ,  329]  =  1.0
	[334 ,  330]  =  -1.0
	[773 ,  330]  =  1.18098e-289
	[334 ,  331]  =  1.0
	[773 ,  331]  =  -1.18098e-289
	[912 ,  332]  =  -1.0607e-289
	[996 ,  332]  =  1.0
	[543 ,  333]  =  1.0
	[813 ,  334]  =  1.0
	[912 ,  335]  =  1.0607e-289
	[996 ,  335]  =  -1.0
	[912 ,  336]  =  -1.0607e-289
	[996 ,  336]  =  1.0
	[912 ,  337]  =  1.0607e-289
	[996 ,  337]  =  -1.0
	[912 ,  338]  =  -1.0607e-289
	[996 ,  338]  =  1.0
	[208 ,  339]  =  -1.0
	[684 ,  339]  =  1.39319e-289
	[236 ,  340]  =  2.13441e-289
	[857 ,  340]  =  -1.0
	[236 ,  341]  =  -2.13441e-289
	[857 ,  341]  =  1.0
	[15  ,  342]  =  7.97608e-288
	[213 ,  342]  =  -0.00172324
	[407 ,  342]  =  1.29834e-289
	[693 ,  342]  =  9.0915e-288
	[820 ,  342]  =  1.00941e-289
	[834 ,  342]  =  -0.999999
	[912 ,  343]  =  1.0607e-289
	[996 ,  343]  =  -1.0
	[15  ,  344]  =  7.97608e-288
	[213 ,  344]  =  -0.00172324
	[407 ,  344]  =  1.29834e-289
	[693 ,  344]  =  9.0915e-288
	[820 ,  344]  =  1.00941e-289
	[834 ,  344]  =  -0.999999
	[268 ,  345]  =  -4.26107e-289
	[423 ,  345]  =  1.0
	[15  ,  346]  =  -7.97608e-288
	[213 ,  346]  =  0.00172324
	[407 ,  346]  =  -1.29834e-289
	[693 ,  346]  =  -9.0915e-288
	[820 ,  346]  =  -1.00941e-289
	[834 ,  346]  =  0.999999
	[15  ,  347]  =  7.97608e-288
	[213 ,  347]  =  -0.00172324
	[407 ,  347]  =  1.29834e-289
	[693 ,  347]  =  9.0915e-288
	[820 ,  347]  =  1.00941e-289
	[834 ,  347]  =  -0.999999
	[15  ,  348]  =  -7.97608e-288
	[213 ,  348]  =  0.00172324
	[407 ,  348]  =  -1.29834e-289
	[693 ,  348]  =  -9.0915e-288
	[820 ,  348]  =  -1.00941e-289
	[834 ,  348]  =  0.999999
	[279 ,  349]  =  1.0
	[398 ,  349]  =  -2.41845e-289
	[15  ,  350]  =  7.97608e-288
	[213 ,  350]  =  -0.00172324
	[407 ,  350]  =  1.29834e-289
	[693 ,  350]  =  9.0915e-288
	[820 ,  350]  =  1.00941e-289
	[834 ,  350]  =  -0.999999
	[202 ,  351]  =  1.0
	[102 ,  352]  =  2.55501e-289
	[202 ,  352]  =  -1.0
	[103 ,  353]  =  1.0
	[104 ,  354]  =  1.0
	[971 ,  355]  =  1.0
	[442 ,  356]  =  8.94779e-289
	[971 ,  356]  =  -1.0
	[442 ,  357]  =  -8.94779e-289
	[971 ,  357]  =  1.0
	[108 ,  358]  =  1.0
	[109 ,  359]  =  1.0
	[112 ,  360]  =  1.0
	[15  ,  361]  =  -7.97608e-288
	[213 ,  361]  =  0.00172324
	[407 ,  361]  =  -1.29834e-289
	[693 ,  361]  =  -9.0915e-288
	[820 ,  361]  =  -1.00941e-289
	[834 ,  361]  =  0.999999
	[219 ,  362]  =  1.31202e-289
	[297 ,  362]  =  -1.0
	[115 ,  363]  =  1.0
	[213 ,  364]  =  0.00172324
	[820 ,  364]  =  -1.00941e-289
	[834 ,  364]  =  0.999999
	[213 ,  365]  =  -0.00172324
	[820 ,  365]  =  1.00941e-289
	[834 ,  365]  =  -0.999999
	[15  ,  366]  =  -7.97608e-288
	[213 ,  366]  =  0.00172324
	[407 ,  366]  =  -1.29834e-289
	[693 ,  366]  =  -9.0915e-288
	[820 ,  366]  =  -1.00941e-289
	[834 ,  366]  =  0.999999
	[15  ,  367]  =  7.97608e-288
	[213 ,  367]  =  -0.00172324
	[407 ,  367]  =  1.29834e-289
	[693 ,  367]  =  9.0915e-288
	[820 ,  367]  =  1.00941e-289
	[834 ,  367]  =  -0.999999
	[15  ,  368]  =  -7.97608e-288
	[213 ,  368]  =  0.00172324
	[407 ,  368]  =  -1.29834e-289
	[693 ,  368]  =  -9.0915e-288
	[820 ,  368]  =  -1.00941e-289
	[834 ,  368]  =  0.999999
	[912 ,  369]  =  -1.0607e-289
	[996 ,  369]  =  1.0
	[119 ,  370]  =  1.0
	[120 ,  371]  =  1.0
	[121 ,  372]  =  1.0
	[122 ,  373]  =  1.0
	[123 ,  374]  =  1.0
	[388 ,  375]  =  1.0
	[388 ,  376]  =  -1.0
	[627 ,  376]  =  1.59998e-289
	[388 ,  377]  =  1.0
	[627 ,  377]  =  -1.59998e-289
	[388 ,  378]  =  -1.0
	[627 ,  378]  =  1.59998e-289
	[388 ,  379]  =  1.0
	[627 ,  379]  =  -1.59998e-289
	[213 ,  380]  =  0.00172324
	[820 ,  380]  =  -1.00941e-289
	[834 ,  380]  =  0.999999
	[388 ,  381]  =  -1.0
	[627 ,  381]  =  1.59998e-289
	[125 ,  382]  =  1.0
	[273 ,  383]  =  1.0
	[95  ,  384]  =  -0.999543
	[273 ,  384]  =  -0.0302163
	[401 ,  384]  =  3.22487e-289
	[95  ,  385]  =  0.999543
	[273 ,  385]  =  0.0302163
	[401 ,  385]  =  -3.22487e-289
	[95  ,  386]  =  -0.999543
	[273 ,  386]  =  -0.0302163
	[401 ,  386]  =  3.22487e-289
	[645 ,  387]  =  1.0
	[219 ,  388]  =  1.31202e-289
	[297 ,  388]  =  -1.0
	[219 ,  389]  =  -1.31202e-289
	[297 ,  389]  =  1.0
	[219 ,  390]  =  1.31202e-289
	[297 ,  390]  =  -1.0
	[442 ,  391]  =  8.94779e-289
	[971 ,  391]  =  -1.0
	[669 ,  392]  =  1.0
	[912 ,  393]  =  1.0607e-289
	[996 ,  393]  =  -1.0
	[130 ,  394]  =  1.0
	[95  ,  395]  =  -0.999543
	[273 ,  395]  =  -0.0302163
	[401 ,  395]  =  3.22487e-289
	[95  ,  396]  =  0.999543
	[273 ,  396]  =  0.0302163
	[401 ,  396]  =  -3.22487e-289
	[95  ,  397]  =  -0.999543
	[273 ,  397]  =  -0.0302163
	[401 ,  397]  =  3.22487e-289
	[95  ,  398]  =  0.999543
	[273 ,  398]  =  0.0302163
	[401 ,  398]  =  -3.22487e-289
	[95  ,  399]  =  -0.999543
	[273 ,  399]  =  -0.0302163
	[401 ,  399]  =  3.22487e-289
	[161 ,  400]  =  -1.97971e-289
	[341 ,  400]  =  0.929394
	[514 ,  400]  =  0.369089
	[161 ,  401]  =  1.97971e-289
	[341 ,  401]  =  -0.929394
	[514 ,  401]  =  -0.369089
	[388 ,  402]  =  -1.0
	[627 ,  402]  =  1.59998e-289
	[388 ,  403]  =  1.0
	[627 ,  403]  =  -1.59998e-289
	[388 ,  404]  =  -1.0
	[627 ,  404]  =  1.59998e-289
	[388 ,  405]  =  1.0
	[627 ,  405]  =  -1.59998e-289
	[133 ,  406]  =  1.0
	[134 ,  407]  =  1.0
	[139 ,  408]  =  1.47456e-289
	[874 ,  408]  =  -1.0
	[988 ,  409]  =  1.0
	[268 ,  410]  =  -4.26107e-289
	[423 ,  410]  =  1.0
	[268 ,  411]  =  4.26107e-289
	[423 ,  411]  =  -1.0
	[630 ,  412]  =  1.0
	[578 ,  413]  =  2.13782e-289
	[630 ,  413]  =  -1.0
	[53  ,  414]  =  1.0
	[82  ,  414]  =  -2.58593e-288
	[53  ,  415]  =  -1.0
	[82  ,  415]  =  2.58593e-288
	[630 ,  415]  =  9.12366e-289
	[53  ,  416]  =  1.0
	[82  ,  416]  =  -2.58593e-288
	[630 ,  416]  =  -9.12366e-289
	[268 ,  417]  =  -4.26107e-289
	[423 ,  417]  =  1.0
	[55  ,  418]  =  -1.0
	[667 ,  418]  =  4.65646e-289
	[55  ,  419]  =  0.937186
	[667 ,  419]  =  -4.36397e-289
	[848 ,  419]  =  -5.46111e-290
	[984 ,  419]  =  0.348829
	[53  ,  420]  =  -1.0
	[82  ,  420]  =  2.58593e-288
	[630 ,  420]  =  9.12366e-289
	[53  ,  421]  =  1.0
	[82  ,  421]  =  -2.58593e-288
	[630 ,  421]  =  -9.12366e-289
	[111 ,  422]  =  -8.30871e-290
	[363 ,  422]  =  0.715263
	[595 ,  422]  =  0.698855
	[144 ,  423]  =  1.0
	[145 ,  424]  =  1.0
	[146 ,  425]  =  1.0
	[147 ,  426]  =  1.0
	[185 ,  427]  =  1.29729e-289
	[576 ,  427]  =  -1.0
	[151 ,  428]  =  1.0
	[152 ,  429]  =  1.0
	[155 ,  430]  =  1.0
	[415 ,  431]  =  1.0
	[156 ,  432]  =  3.18747e-289
	[415 ,  432]  =  -1.0
	[178 ,  433]  =  1.0
	[178 ,  434]  =  -1.0
	[983 ,  434]  =  1.47854e-289
	[178 ,  435]  =  1.0
	[983 ,  435]  =  -1.47854e-289
	[923 ,  436]  =  1.0
	[572 ,  437]  =  1.45372e-289
	[923 ,  437]  =  -1.0
	[178 ,  438]  =  -1.0
	[983 ,  438]  =  1.47854e-289
	[178 ,  439]  =  1.0
	[983 ,  439]  =  -1.47854e-289
	[8   ,  440]  =  -0.829543
	[162 ,  440]  =  3.32479e-289
	[630 ,  440]  =  -0.558443
	[878 ,  441]  =  1.0
	[307 ,  442]  =  1.12127e-289
	[878 ,  442]  =  -1.0
	[111 ,  443]  =  8.30871e-290
	[363 ,  443]  =  -0.715263
	[595 ,  443]  =  -0.698855
	[164 ,  444]  =  1.0
	[527 ,  445]  =  1.77009e-288
	[586 ,  445]  =  -1.0
	[682 ,  445]  =  1.49449e-289
	[25  ,  446]  =  0.520646
	[268 ,  446]  =  -1.9412e-289
	[423 ,  446]  =  0.455565
	[493 ,  446]  =  -2.07327e-290
	[600 ,  446]  =  0.722072
	[812 ,  446]  =  -1.10351e-289
	[152 ,  447]  =  -1.0
	[168 ,  447]  =  2.08772e-289
	[810 ,  448]  =  1.0
	[288 ,  449]  =  -1.79505e-289
	[318 ,  449]  =  1.0
	[288 ,  450]  =  1.79505e-289
	[318 ,  450]  =  -1.0
	[213 ,  451]  =  0.00172324
	[820 ,  451]  =  -1.00941e-289
	[834 ,  451]  =  0.999999
	[171 ,  452]  =  1.0
	[172 ,  453]  =  4.36532e-289
	[610 ,  453]  =  -1.0
	[173 ,  454]  =  1.0
	[174 ,  455]  =  1.0
	[175 ,  456]  =  1.0
	[25  ,  457]  =  -0.520646
	[268 ,  457]  =  1.9412e-289
	[423 ,  457]  =  -0.455565
	[493 ,  457]  =  2.07327e-290
	[600 ,  457]  =  -0.722072
	[812 ,  457]  =  1.10351e-289
	[182 ,  458]  =  1.0
	[184 ,  459]  =  1.0
	[142 ,  460]  =  -3.27028e-289
	[279 ,  460]  =  1.0
	[398 ,  460]  =  -2.41845e-289
	[189 ,  461]  =  1.0
	[213 ,  462]  =  0.00172324
	[820 ,  462]  =  -1.00941e-289
	[834 ,  462]  =  0.999999
	[194 ,  463]  =  1.0
	[121 ,  464]  =  -1.0
	[237 ,  464]  =  6.73426e-289
	[121 ,  465]  =  1.0
	[237 ,  465]  =  -6.73426e-289
	[949 ,  466]  =  1.0
	[196 ,  467]  =  6.30848e-289
	[949 ,  467]  =  -1.0
	[488 ,  468]  =  1.0
	[404 ,  469]  =  -0.38943
	[465 ,  469]  =  -0.921056
	[796 ,  469]  =  1.05505e-289
	[404 ,  470]  =  0.38943
	[465 ,  470]  =  0.921056
	[488 ,  470]  =  -1.88361e-289
	[796 ,  470]  =  -1.05505e-289
	[404 ,  471]  =  -0.38943
	[465 ,  471]  =  -0.921056
	[796 ,  471]  =  1.05505e-289
	[111 ,  472]  =  8.30871e-290
	[363 ,  472]  =  -0.715263
	[595 ,  472]  =  -0.698855
	[412 ,  473]  =  1.0
	[404 ,  474]  =  0.38943
	[465 ,  474]  =  0.921056
	[796 ,  474]  =  -1.05505e-289
	[404 ,  475]  =  -0.38943
	[465 ,  475]  =  -0.921056
	[796 ,  475]  =  1.05505e-289
	[404 ,  476]  =  0.38943
	[465 ,  476]  =  0.921056
	[796 ,  476]  =  -1.05505e-289
	[404 ,  477]  =  -0.38943
	[465 ,  477]  =  -0.921056
	[796 ,  477]  =  1.05505e-289
	[499 ,  478]  =  1.0
	[228 ,  479]  =  1.89713e-289
	[258 ,  479]  =  7.02032e-290
	[444 ,  479]  =  -1.0
	[472 ,  479]  =  3.71429e-290
	[917 ,  479]  =  5.75154e-290
	[95  ,  480]  =  -0.999543
	[273 ,  480]  =  -0.0302163
	[401 ,  480]  =  3.22487e-289
	[95  ,  481]  =  0.999543
	[273 ,  481]  =  0.0302163
	[401 ,  481]  =  -3.22487e-289
	[354 ,  482]  =  3.14554e-289
	[543 ,  482]  =  -1.0
	[523 ,  483]  =  1.0
	[95  ,  484]  =  -0.999543
	[273 ,  484]  =  -0.0302163
	[401 ,  484]  =  3.22487e-289
	[715 ,  485]  =  1.0
	[95  ,  486]  =  0.999543
	[273 ,  486]  =  0.0302163
	[401 ,  486]  =  -3.22487e-289
	[199 ,  487]  =  1.0
	[200 ,  488]  =  1.0
	[201 ,  489]  =  1.0
	[207 ,  490]  =  1.0
	[1000,  491]  =  1.0
	[288 ,  492]  =  1.79505e-289
	[318 ,  492]  =  -1.0
	[288 ,  493]  =  -1.79505e-289
	[318 ,  493]  =  1.0
	[466 ,  494]  =  1.0
	[288 ,  495]  =  1.79505e-289
	[318 ,  495]  =  -1.0
	[55  ,  496]  =  1.0
	[415 ,  496]  =  -8.27998e-289
	[667 ,  496]  =  -4.65646e-289
	[55  ,  497]  =  -1.0
	[415 ,  497]  =  8.27998e-289
	[667 ,  497]  =  4.65646e-289
	[55  ,  498]  =  1.0
	[415 ,  498]  =  -8.27998e-289
	[667 ,  498]  =  -4.65646e-289
	[55  ,  499]  =  -1.0
	[415 ,  499]  =  8.27998e-289
	[667 ,  499]  =  4.65646e-289
	[111 ,  500]  =  8.30871e-290
	[363 ,  500]  =  -0.715263
	[595 ,  500]  =  -0.698855
	[111 ,  501]  =  -8.30871e-290
	[363 ,  501]  =  0.715263
	[595 ,  501]  =  0.698855
	[672 ,  502]  =  1.0
	[15  ,  503]  =  7.97608e-288
	[213 ,  503]  =  -0.00172324
	[407 ,  503]  =  1.29834e-289
	[693 ,  503]  =  9.0915e-288
	[820 ,  503]  =  1.00941e-289
	[834 ,  503]  =  -0.999999
	[15  ,  504]  =  -7.97608e-288
	[213 ,  504]  =  0.00172324
	[407 ,  504]  =  -1.29834e-289
	[693 ,  504]  =  -9.0915e-288
	[820 ,  504]  =  -1.00941e-289
	[834 ,  504]  =  0.999999
	[15  ,  505]  =  7.97608e-288
	[213 ,  505]  =  -0.00172324
	[407 ,  505]  =  1.29834e-289
	[693 ,  505]  =  9.0915e-288
	[820 ,  505]  =  1.00941e-289
	[834 ,  505]  =  -0.999999
	[15  ,  506]  =  -7.97608e-288
	[213 ,  506]  =  0.00172324
	[407 ,  506]  =  -1.29834e-289
	[693 ,  506]  =  -9.0915e-288
	[820 ,  506]  =  -1.00941e-289
	[834 ,  506]  =  0.999999
	[106 ,  507]  =  -1.0
	[214 ,  507]  =  1.38918e-289
	[215 ,  508]  =  1.0
	[216 ,  509]  =  1.0
	[218 ,  510]  =  1.0
	[560 ,  511]  =  8.88647e-290
	[632 ,  511]  =  -0.586552
	[789 ,  511]  =  -0.809912
	[919 ,  511]  =  1.57361e-289
	[243 ,  512]  =  1.0
	[243 ,  513]  =  -0.0697377
	[706 ,  513]  =  2.69586e-289
	[720 ,  513]  =  -0.997565
	[243 ,  514]  =  0.0697377
	[706 ,  514]  =  -2.69586e-289
	[720 ,  514]  =  0.997565
	[222 ,  515]  =  1.0
	[912 ,  516]  =  1.0607e-289
	[996 ,  516]  =  -1.0
	[270 ,  517]  =  1.0
	[226 ,  518]  =  5.12882e-289
	[270 ,  518]  =  -1.0
	[227 ,  519]  =  1.0
	[229 ,  520]  =  1.0
	[230 ,  521]  =  1.0
	[616 ,  522]  =  1.0
	[975 ,  523]  =  1.0
	[231 ,  524]  =  3.27671e-289
	[616 ,  524]  =  -0.114713
	[975 ,  524]  =  -0.993399
	[232 ,  525]  =  1.55597e-289
	[866 ,  525]  =  -1.0
	[304 ,  526]  =  1.0
	[233 ,  527]  =  5.95735e-289
	[304 ,  527]  =  -1.0
	[228 ,  528]  =  1.89713e-289
	[444 ,  528]  =  -1.0
	[472 ,  528]  =  3.71429e-290
	[238 ,  529]  =  1.0
	[239 ,  530]  =  1.0
	[242 ,  531]  =  1.0
	[334 ,  532]  =  1.0
	[773 ,  532]  =  -1.18098e-289
	[245 ,  533]  =  1.0
	[968 ,  534]  =  1.0
	[151 ,  535]  =  -0.908242
	[251 ,  535]  =  1.61728e-289
	[968 ,  535]  =  -0.418445
	[151 ,  536]  =  0.908242
	[251 ,  536]  =  -1.61728e-289
	[968 ,  536]  =  0.418445
	[111 ,  537]  =  8.30871e-290
	[363 ,  537]  =  -0.715263
	[595 ,  537]  =  -0.698855
	[248 ,  538]  =  1.0
	[496 ,  539]  =  3.26738e-289
	[611 ,  539]  =  2.3087e-289
	[647 ,  539]  =  -1.0
	[496 ,  540]  =  -3.26738e-289
	[611 ,  540]  =  -2.3087e-289
	[647 ,  540]  =  1.0
	[250 ,  541]  =  1.0
	[111 ,  542]  =  -8.30871e-290
	[363 ,  542]  =  0.715263
	[595 ,  542]  =  0.698855
	[253 ,  543]  =  1.0
	[254 ,  544]  =  1.0
	[111 ,  545]  =  8.30871e-290
	[363 ,  545]  =  -0.715263
	[595 ,  545]  =  -0.698855
	[295 ,  546]  =  -8.78678e-290
	[693 ,  546]  =  0.574167
	[775 ,  546]  =  0.818738
	[295 ,  547]  =  8.78678e-290
	[693 ,  547]  =  -0.574167
	[775 ,  547]  =  -0.818738
	[191 ,  548]  =  -1.3933e-289
	[424 ,  548]  =  1.0
	[260 ,  549]  =  1.0
	[262 ,  550]  =  1.0
	[89  ,  551]  =  -1.87718e-288
	[593 ,  551]  =  1.0
	[89  ,  552]  =  1.87718e-288
	[593 ,  552]  =  -1.0
	[610 ,  552]  =  1.58211e-287
	[560 ,  553]  =  8.88647e-290
	[632 ,  553]  =  -0.586552
	[789 ,  553]  =  -0.809912
	[919 ,  553]  =  1.57361e-289
	[887 ,  554]  =  1.0
	[560 ,  555]  =  -8.88647e-290
	[632 ,  555]  =  0.586552
	[789 ,  555]  =  0.809912
	[919 ,  555]  =  -1.57361e-289
	[560 ,  556]  =  8.88647e-290
	[632 ,  556]  =  -0.586552
	[789 ,  556]  =  -0.809912
	[919 ,  556]  =  1.57361e-289
	[130 ,  557]  =  -1.0
	[265 ,  557]  =  2.05321e-289
	[223 ,  558]  =  -1.0
	[361 ,  558]  =  1.16759e-288
	[223 ,  559]  =  1.0
	[361 ,  559]  =  -1.16759e-288
	[267 ,  560]  =  1.0
	[269 ,  561]  =  1.0
	[161 ,  562]  =  1.97971e-289
	[341 ,  562]  =  -0.929394
	[514 ,  562]  =  -0.369089
	[161 ,  563]  =  -1.97971e-289
	[341 ,  563]  =  0.929394
	[514 ,  563]  =  0.369089
	[274 ,  564]  =  1.0
	[277 ,  565]  =  1.0
	[280 ,  566]  =  1.0
	[560 ,  567]  =  -8.88647e-290
	[632 ,  567]  =  0.586552
	[789 ,  567]  =  0.809912
	[919 ,  567]  =  -1.57361e-289
	[151 ,  568]  =  -1.0
	[283 ,  568]  =  1.32191e-289
	[15  ,  569]  =  -7.97608e-288
	[213 ,  569]  =  0.00172324
	[407 ,  569]  =  -1.29834e-289
	[693 ,  569]  =  -9.0915e-288
	[820 ,  569]  =  -1.00941e-289
	[834 ,  569]  =  0.999999
	[55  ,  570]  =  1.0
	[415 ,  570]  =  -8.27998e-289
	[667 ,  570]  =  -4.65646e-289
	[55  ,  571]  =  -1.0
	[415 ,  571]  =  8.27998e-289
	[667 ,  571]  =  4.65646e-289
	[301 ,  572]  =  1.0
	[289 ,  573]  =  1.21229e-289
	[301 ,  573]  =  -1.0
	[290 ,  574]  =  1.0
	[228 ,  575]  =  -1.89713e-289
	[258 ,  575]  =  -7.02032e-290
	[444 ,  575]  =  1.0
	[472 ,  575]  =  -3.71429e-290
	[917 ,  575]  =  -5.75154e-290
	[228 ,  576]  =  1.89713e-289
	[258 ,  576]  =  7.02032e-290
	[444 ,  576]  =  -1.0
	[472 ,  576]  =  3.71429e-290
	[917 ,  576]  =  5.75154e-290
	[87  ,  577]  =  -1.0
	[747 ,  577]  =  5.15831e-289
	[87  ,  578]  =  1.0
	[747 ,  578]  =  -5.15831e-289
	[228 ,  579]  =  -1.89713e-289
	[258 ,  579]  =  -7.02032e-290
	[444 ,  579]  =  1.0
	[472 ,  579]  =  -3.71429e-290
	[917 ,  579]  =  -5.75154e-290
	[293 ,  580]  =  1.0
	[496 ,  581]  =  3.26738e-289
	[611 ,  581]  =  2.3087e-289
	[647 ,  581]  =  -1.0
	[13  ,  582]  =  0.0139525
	[14  ,  582]  =  0.000593486
	[25  ,  582]  =  0.0168835
	[31  ,  582]  =  4.269e-8
	[35  ,  582]  =  1.16513e-5
	[41  ,  582]  =  7.33775e-6
	[51  ,  582]  =  0.0141639
	[66  ,  582]  =  2.13272e-10
	[68  ,  582]  =  1.32713e-15
	[80  ,  582]  =  1.79908e-9
	[95  ,  582]  =  6.86739e-15
	[107 ,  582]  =  0.000592604
	[111 ,  582]  =  6.0771e-5
	[128 ,  582]  =  0.000169798
	[136 ,  582]  =  3.78782e-7
	[137 ,  582]  =  0.000168597
	[161 ,  582]  =  0.0165156
	[165 ,  582]  =  0.00230022
	[177 ,  582]  =  3.91827e-8
	[204 ,  582]  =  7.19811e-10
	[213 ,  582]  =  1.05274e-9
	[223 ,  582]  =  7.84273e-6
	[256 ,  582]  =  7.15263e-14
	[273 ,  582]  =  2.07602e-16
	[276 ,  582]  =  1.51205e-6
	[285 ,  582]  =  3.50195e-7
	[296 ,  582]  =  1.49381e-16
	[319 ,  582]  =  4.08964e-16
	[341 ,  582]  =  0.113565
	[351 ,  582]  =  1.39284e-5
	[352 ,  582]  =  1.55282e-5
	[363 ,  582]  =  0.000766265
	[378 ,  582]  =  6.16461e-11
	[381 ,  582]  =  1.35066e-5
	[388 ,  582]  =  1.31194e-13
	[401 ,  582]  =  1.5127e-15
	[404 ,  582]  =  0.000151299
	[409 ,  582]  =  0.0002782
	[422 ,  582]  =  0.00226749
	[437 ,  582]  =  1.38801e-8
	[439 ,  582]  =  4.92632e-5
	[458 ,  582]  =  1.13872e-8
	[463 ,  582]  =  0.00251713
	[465 ,  582]  =  5.83051e-12
	[496 ,  582]  =  6.66804e-5
	[514 ,  582]  =  0.0450997
	[524 ,  582]  =  5.23881e-6
	[530 ,  582]  =  1.28918e-5
	[538 ,  582]  =  5.91023e-15
	[541 ,  582]  =  0.000110701
	[549 ,  582]  =  1.1586e-15
	[553 ,  582]  =  9.70399e-8
	[554 ,  582]  =  3.74354e-12
	[560 ,  582]  =  0.0606964
	[566 ,  582]  =  0.00120293
	[573 ,  582]  =  0.00731018
	[575 ,  582]  =  0.0317964
	[590 ,  582]  =  1.14088e-6
	[595 ,  582]  =  0.000830576
	[611 ,  582]  =  4.71157e-5
	[612 ,  582]  =  6.02476e-17
	[619 ,  582]  =  1.25317e-5
	[621 ,  582]  =  1.65069e-5
	[623 ,  582]  =  3.39558e-6
	[627 ,  582]  =  1.4331e-14
	[632 ,  582]  =  0.5868
	[642 ,  582]  =  5.95929e-5
	[646 ,  582]  =  2.94594e-5
	[647 ,  582]  =  0.000298915
	[688 ,  582]  =  0.000117025
	[705 ,  582]  =  0.00140246
	[730 ,  582]  =  0.000356184
	[789 ,  582]  =  0.789951
	[797 ,  582]  =  4.60473e-12
	[811 ,  582]  =  4.18607e-7
	[820 ,  582]  =  4.21011e-8
	[834 ,  582]  =  6.10909e-7
	[838 ,  582]  =  0.000426074
	[853 ,  582]  =  1.239e-12
	[859 ,  582]  =  7.86949e-13
	[866 ,  582]  =  1.36309e-7
	[874 ,  582]  =  2.37849e-6
	[879 ,  582]  =  1.27545e-6
	[889 ,  582]  =  0.000105283
	[906 ,  582]  =  8.90565e-6
	[912 ,  582]  =  0.000199005
	[919 ,  582]  =  0.104787
	[929 ,  582]  =  4.07097e-12
	[942 ,  582]  =  3.07469e-9
	[944 ,  582]  =  1.69465e-7
	[996 ,  582]  =  0.00274803
	[998 ,  582]  =  4.58813e-6
	[578 ,  583]  =  -2.13782e-289
	[630 ,  583]  =  1.0
	[95  ,  584]  =  -0.999543
	[273 ,  584]  =  -0.0302163
	[401 ,  584]  =  3.22487e-289
	[300 ,  585]  =  1.0
	[302 ,  586]  =  1.0
	[123 ,  587]  =  -2.41783e-289
	[130 ,  587]  =  1.0
	[265 ,  587]  =  -2.05321e-289
	[121 ,  588]  =  1.0
	[237 ,  588]  =  -6.73426e-289
	[121 ,  589]  =  -1.0
	[237 ,  589]  =  6.73426e-289
	[172 ,  590]  =  -4.36532e-289
	[610 ,  590]  =  1.0
	[172 ,  591]  =  4.36532e-289
	[610 ,  591]  =  -1.0
	[89  ,  592]  =  -1.87718e-288
	[593 ,  592]  =  1.0
	[610 ,  592]  =  -1.58211e-287
	[89  ,  593]  =  1.87718e-288
	[593 ,  593]  =  -1.0
	[610 ,  593]  =  1.58211e-287
	[173 ,  594]  =  -1.0
	[314 ,  594]  =  1.09719e-289
	[111 ,  595]  =  -8.30871e-290
	[363 ,  595]  =  0.715263
	[595 ,  595]  =  0.698855
	[497 ,  596]  =  1.0
	[388 ,  597]  =  1.0
	[627 ,  597]  =  -1.59998e-289
	[388 ,  598]  =  -1.0
	[627 ,  598]  =  1.59998e-289
	[388 ,  599]  =  1.0
	[627 ,  599]  =  -1.59998e-289
	[629 ,  600]  =  1.0
	[452 ,  601]  =  -1.0
	[733 ,  601]  =  1.72624e-289
	[588 ,  602]  =  1.0
	[55  ,  603]  =  -1.0
	[415 ,  603]  =  8.27998e-289
	[452 ,  603]  =  3.5644e-289
	[667 ,  603]  =  4.65646e-289
	[25  ,  604]  =  0.520646
	[268 ,  604]  =  -1.9412e-289
	[423 ,  604]  =  0.455565
	[493 ,  604]  =  -2.07327e-290
	[600 ,  604]  =  0.722072
	[812 ,  604]  =  -1.10351e-289
	[25  ,  605]  =  -0.520646
	[268 ,  605]  =  1.9412e-289
	[423 ,  605]  =  -0.455565
	[493 ,  605]  =  2.07327e-290
	[600 ,  605]  =  -0.722072
	[812 ,  605]  =  1.10351e-289
	[25  ,  606]  =  0.520646
	[268 ,  606]  =  -1.9412e-289
	[423 ,  606]  =  0.455565
	[493 ,  606]  =  -2.07327e-290
	[600 ,  606]  =  0.722072
	[812 ,  606]  =  -1.10351e-289
	[595 ,  607]  =  0.0582898
	[629 ,  607]  =  -1.21447e-289
	[705 ,  607]  =  0.9983
	[889 ,  607]  =  -1.09768e-289
	[25  ,  608]  =  -0.520646
	[268 ,  608]  =  1.9412e-289
	[423 ,  608]  =  -0.455565
	[493 ,  608]  =  2.07327e-290
	[600 ,  608]  =  -0.722072
	[812 ,  608]  =  1.10351e-289
	[320 ,  609]  =  1.0
	[121 ,  610]  =  -1.0
	[237 ,  610]  =  6.73426e-289
	[323 ,  611]  =  1.0
	[471 ,  612]  =  1.0
	[325 ,  613]  =  1.27833e-289
	[471 ,  613]  =  -0.688825
	[669 ,  613]  =  -0.724928
	[326 ,  614]  =  1.0
	[329 ,  615]  =  1.47548e-289
	[810 ,  615]  =  -1.0
	[664 ,  616]  =  1.0
	[330 ,  617]  =  1.08308e-289
	[664 ,  617]  =  -1.0
	[331 ,  618]  =  1.0
	[672 ,  619]  =  -1.0
	[934 ,  619]  =  1.92395e-289
	[672 ,  620]  =  1.0
	[934 ,  620]  =  -1.92395e-289
	[770 ,  621]  =  1.0
	[912 ,  622]  =  -1.0607e-289
	[996 ,  622]  =  1.0
	[335 ,  623]  =  1.0
	[615 ,  624]  =  1.0
	[273 ,  625]  =  -0.393232
	[337 ,  625]  =  1.12802e-289
	[615 ,  625]  =  -0.919439
	[339 ,  626]  =  1.0
	[213 ,  627]  =  -0.00172324
	[820 ,  627]  =  1.00941e-289
	[834 ,  627]  =  -0.999999
	[213 ,  628]  =  0.00172324
	[820 ,  628]  =  -1.00941e-289
	[834 ,  628]  =  0.999999
	[213 ,  629]  =  -0.00172324
	[820 ,  629]  =  1.00941e-289
	[834 ,  629]  =  -0.999999
	[343 ,  630]  =  1.0
	[346 ,  631]  =  1.0
	[388 ,  632]  =  1.0
	[627 ,  632]  =  -1.59998e-289
	[348 ,  633]  =  3.13954e-289
	[685 ,  633]  =  -1.0
	[625 ,  634]  =  1.0
	[349 ,  635]  =  4.0162e-289
	[625 ,  635]  =  -1.0
	[350 ,  636]  =  1.0
	[89  ,  637]  =  1.87718e-288
	[593 ,  637]  =  -1.0
	[355 ,  638]  =  1.0
	[258 ,  639]  =  -1.0
	[356 ,  639]  =  1.71287e-289
	[357 ,  640]  =  1.0
	[939 ,  641]  =  1.0
	[388 ,  642]  =  -1.0
	[627 ,  642]  =  1.59998e-289
	[388 ,  643]  =  1.0
	[627 ,  643]  =  -1.59998e-289
	[362 ,  644]  =  1.0
	[995 ,  645]  =  1.0
	[300 ,  646]  =  -3.78895e-289
	[452 ,  646]  =  1.0
	[733 ,  646]  =  -1.72624e-289
	[995 ,  646]  =  -3.94161e-289
	[365 ,  647]  =  1.0
	[366 ,  648]  =  1.0
	[404 ,  649]  =  0.38943
	[465 ,  649]  =  0.921056
	[796 ,  649]  =  -1.05505e-289
	[404 ,  650]  =  -0.38943
	[465 ,  650]  =  -0.921056
	[796 ,  650]  =  1.05505e-289
	[404 ,  651]  =  0.38943
	[465 ,  651]  =  0.921056
	[796 ,  651]  =  -1.05505e-289
	[55  ,  652]  =  1.0
	[415 ,  652]  =  -8.27998e-289
	[667 ,  652]  =  -4.65646e-289
	[55  ,  653]  =  -1.0
	[415 ,  653]  =  8.27998e-289
	[667 ,  653]  =  4.65646e-289
	[369 ,  654]  =  1.0
	[370 ,  655]  =  1.0
	[972 ,  656]  =  1.0
	[648 ,  657]  =  1.0
	[213 ,  658]  =  -0.00172324
	[820 ,  658]  =  1.00941e-289
	[834 ,  658]  =  -0.999999
	[373 ,  659]  =  1.0
	[375 ,  660]  =  1.0
	[376 ,  661]  =  1.0
	[527 ,  662]  =  -1.77009e-288
	[586 ,  662]  =  1.0
	[682 ,  662]  =  -1.49449e-289
	[379 ,  663]  =  1.0
	[655 ,  664]  =  1.0
	[380 ,  665]  =  1.50312e-289
	[655 ,  665]  =  -1.0
	[106 ,  666]  =  1.0
	[214 ,  666]  =  -1.38918e-289
	[213 ,  667]  =  0.00172324
	[820 ,  667]  =  -1.00941e-289
	[834 ,  667]  =  0.999999
	[213 ,  668]  =  -0.00172324
	[820 ,  668]  =  1.00941e-289
	[834 ,  668]  =  -0.999999
	[213 ,  669]  =  0.00172324
	[820 ,  669]  =  -1.00941e-289
	[834 ,  669]  =  0.999999
	[384 ,  670]  =  1.0
	[385 ,  671]  =  1.0
	[932 ,  672]  =  1.0
	[386 ,  673]  =  1.42094e-289
	[932 ,  673]  =  -1.0
	[8   ,  674]  =  0.829543
	[162 ,  674]  =  -3.32479e-289
	[630 ,  674]  =  0.558443
	[430 ,  675]  =  1.0
	[185 ,  676]  =  1.29729e-289
	[576 ,  676]  =  -1.0
	[430 ,  677]  =  -1.0
	[828 ,  677]  =  2.58099e-289
	[185 ,  678]  =  -1.29729e-289
	[576 ,  678]  =  1.0
	[390 ,  679]  =  1.0
	[392 ,  680]  =  1.0
	[395 ,  681]  =  1.0
	[396 ,  682]  =  1.0
	[400 ,  683]  =  1.0
	[405 ,  684]  =  1.0
	[408 ,  685]  =  1.0
	[411 ,  686]  =  1.0
	[58  ,  687]  =  -1.0
	[414 ,  687]  =  1.07868e-289
	[111 ,  688]  =  8.30871e-290
	[363 ,  688]  =  -0.715263
	[595 ,  688]  =  -0.698855
	[417 ,  689]  =  1.0
	[346 ,  690]  =  -1.0
	[418 ,  690]  =  2.7868e-289
	[560 ,  691]  =  8.88647e-290
	[632 ,  691]  =  -0.586552
	[789 ,  691]  =  -0.809912
	[919 ,  691]  =  1.57361e-289
	[161 ,  692]  =  -1.97971e-289
	[341 ,  692]  =  0.929394
	[514 ,  692]  =  0.369089
	[161 ,  693]  =  1.97971e-289
	[341 ,  693]  =  -0.929394
	[514 ,  693]  =  -0.369089
	[161 ,  694]  =  -1.97971e-289
	[341 ,  694]  =  0.929394
	[514 ,  694]  =  0.369089
	[161 ,  695]  =  1.97971e-289
	[341 ,  695]  =  -0.929394
	[514 ,  695]  =  -0.369089
	[425 ,  696]  =  1.0
	[768 ,  697]  =  1.0
	[426 ,  698]  =  2.78887e-289
	[768 ,  698]  =  -1.0
	[404 ,  699]  =  0.38943
	[465 ,  699]  =  0.921056
	[796 ,  699]  =  -1.05505e-289
	[64  ,  700]  =  -0.46284
	[417 ,  700]  =  -0.886442
	[429 ,  700]  =  1.16935e-289
	[213 ,  701]  =  -0.00172324
	[820 ,  701]  =  1.00941e-289
	[834 ,  701]  =  -0.999999
	[268 ,  702]  =  4.26107e-289
	[423 ,  702]  =  -1.0
	[695 ,  703]  =  1.0
	[213 ,  704]  =  -0.00172324
	[820 ,  704]  =  1.00941e-289
	[834 ,  704]  =  -0.999999
	[436 ,  705]  =  1.0
	[916 ,  706]  =  1.0
	[695 ,  707]  =  -2.20083e-289
	[746 ,  707]  =  1.43432e-289
	[916 ,  707]  =  -1.0
	[891 ,  708]  =  1.0
	[695 ,  709]  =  2.20083e-289
	[746 ,  709]  =  -1.43432e-289
	[891 ,  709]  =  -2.07838e-289
	[916 ,  709]  =  1.0
	[213 ,  710]  =  -0.00172324
	[820 ,  710]  =  1.00941e-289
	[834 ,  710]  =  -0.999999
	[213 ,  711]  =  0.00172324
	[820 ,  711]  =  -1.00941e-289
	[834 ,  711]  =  0.999999
	[443 ,  712]  =  1.0
	[925 ,  713]  =  1.0
	[446 ,  714]  =  5.72968e-289
	[925 ,  714]  =  -1.0
	[55  ,  715]  =  -1.0
	[415 ,  715]  =  8.27998e-289
	[667 ,  715]  =  4.65646e-289
	[912 ,  716]  =  -1.0607e-289
	[996 ,  716]  =  1.0
	[451 ,  717]  =  1.0
	[803 ,  718]  =  1.0
	[454 ,  719]  =  7.25339e-289
	[803 ,  719]  =  -1.0
	[161 ,  720]  =  1.97971e-289
	[341 ,  720]  =  -0.929394
	[514 ,  720]  =  -0.369089
	[456 ,  721]  =  1.0
	[142 ,  722]  =  3.27028e-289
	[279 ,  722]  =  -1.0
	[398 ,  722]  =  2.41845e-289
	[462 ,  723]  =  1.0
	[172 ,  724]  =  4.36532e-289
	[610 ,  724]  =  -1.0
	[84  ,  725]  =  -2.48484e-289
	[97  ,  725]  =  -1.88601e-289
	[106 ,  725]  =  0.0295629
	[208 ,  725]  =  0.642684
	[557 ,  725]  =  0.500039
	[834 ,  725]  =  0.579693
	[213 ,  726]  =  -0.00172324
	[820 ,  726]  =  1.00941e-289
	[834 ,  726]  =  -0.999999
	[213 ,  727]  =  0.00172324
	[820 ,  727]  =  -1.00941e-289
	[834 ,  727]  =  0.999999
	[712 ,  728]  =  1.0
	[665 ,  729]  =  2.55062e-289
	[712 ,  729]  =  -1.0
	[665 ,  730]  =  -2.55062e-289
	[712 ,  730]  =  1.0
	[665 ,  731]  =  2.55062e-289
	[712 ,  731]  =  -1.0
	[665 ,  732]  =  -2.55062e-289
	[712 ,  732]  =  1.0
	[704 ,  733]  =  1.0
	[473 ,  734]  =  1.23292e-289
	[704 ,  734]  =  -1.0
	[474 ,  735]  =  1.0
	[979 ,  736]  =  1.0
	[763 ,  737]  =  1.0
	[476 ,  738]  =  1.89807e-289
	[763 ,  738]  =  -0.37217
	[979 ,  738]  =  -0.928165
	[478 ,  739]  =  1.0
	[479 ,  740]  =  1.0
	[481 ,  741]  =  1.0
	[417 ,  742]  =  -0.699461
	[482 ,  742]  =  9.31718e-290
	[775 ,  742]  =  -0.714671
	[120 ,  743]  =  -0.474331
	[200 ,  743]  =  -0.880347
	[484 ,  743]  =  1.55099e-289
	[614 ,  744]  =  1.0
	[485 ,  745]  =  1.6892e-289
	[614 ,  745]  =  -1.0
	[487 ,  746]  =  1.0
	[490 ,  747]  =  1.0
	[494 ,  748]  =  1.0
	[111 ,  749]  =  8.30871e-290
	[363 ,  749]  =  -0.715263
	[595 ,  749]  =  -0.698855
	[10  ,  750]  =  -8.38788e-289
	[51  ,  750]  =  1.0
	[311 ,  750]  =  -5.04277e-289
	[447 ,  750]  =  -3.72756e-289
	[502 ,  751]  =  1.0
	[504 ,  752]  =  1.0
	[506 ,  753]  =  1.0
	[161 ,  754]  =  1.97971e-289
	[341 ,  754]  =  -0.929394
	[514 ,  754]  =  -0.369089
	[508 ,  755]  =  1.0
	[213 ,  756]  =  -0.00172324
	[820 ,  756]  =  1.00941e-289
	[834 ,  756]  =  -0.999999
	[510 ,  757]  =  1.0
	[877 ,  758]  =  1.0
	[511 ,  759]  =  5.46691e-288
	[877 ,  759]  =  -1.0
	[512 ,  760]  =  1.0
	[846 ,  761]  =  1.0
	[515 ,  762]  =  4.5248e-289
	[846 ,  762]  =  -1.0
	[304 ,  763]  =  -1.0
	[997 ,  763]  =  1.66102e-289
	[304 ,  764]  =  1.0
	[997 ,  764]  =  -1.66102e-289
	[304 ,  765]  =  -1.0
	[997 ,  765]  =  1.66102e-289
	[518 ,  766]  =  1.0
	[144 ,  767]  =  -1.0
	[679 ,  767]  =  4.21846e-289
	[144 ,  768]  =  1.0
	[679 ,  768]  =  -4.21846e-289
	[520 ,  769]  =  1.0
	[819 ,  770]  =  1.0
	[581 ,  771]  =  1.69651e-289
	[819 ,  771]  =  -1.0
	[279 ,  772]  =  -1.0
	[398 ,  772]  =  2.41845e-289
	[279 ,  773]  =  1.0
	[398 ,  773]  =  -2.41845e-289
	[404 ,  774]  =  -0.38943
	[465 ,  774]  =  -0.921056
	[796 ,  774]  =  1.05505e-289
	[525 ,  775]  =  1.0
	[95  ,  776]  =  -0.999543
	[273 ,  776]  =  -0.0302163
	[401 ,  776]  =  3.22487e-289
	[960 ,  777]  =  1.0
	[531 ,  778]  =  3.39533e-289
	[960 ,  778]  =  -1.0
	[574 ,  779]  =  1.0
	[15  ,  780]  =  7.97608e-288
	[213 ,  780]  =  -0.00172324
	[407 ,  780]  =  1.29834e-289
	[693 ,  780]  =  9.0915e-288
	[820 ,  780]  =  1.00941e-289
	[834 ,  780]  =  -0.999999
	[536 ,  781]  =  1.0
	[279 ,  782]  =  -1.0
	[398 ,  782]  =  2.41845e-289
	[544 ,  783]  =  1.0
	[545 ,  784]  =  1.0
	[546 ,  785]  =  1.0
	[154 ,  786]  =  -1.0
	[550 ,  786]  =  5.13392e-288
	[556 ,  787]  =  1.0
	[561 ,  788]  =  1.59621e-288
	[647 ,  788]  =  -1.0
	[563 ,  789]  =  1.0
	[228 ,  790]  =  1.89713e-289
	[258 ,  790]  =  7.02032e-290
	[444 ,  790]  =  -1.0
	[472 ,  790]  =  3.71429e-290
	[917 ,  790]  =  5.75154e-290
	[10  ,  791]  =  8.38788e-289
	[51  ,  791]  =  -1.0
	[311 ,  791]  =  5.04277e-289
	[447 ,  791]  =  3.72756e-289
	[496 ,  792]  =  -3.26738e-289
	[611 ,  792]  =  -2.3087e-289
	[647 ,  792]  =  1.0
	[21  ,  793]  =  -0.0118111
	[363 ,  793]  =  -0.99993
	[582 ,  793]  =  1.45672e-289
	[584 ,  794]  =  1.0
	[15  ,  795]  =  7.97608e-288
	[213 ,  795]  =  -0.00172324
	[407 ,  795]  =  1.29834e-289
	[693 ,  795]  =  9.0915e-288
	[820 ,  795]  =  1.00941e-289
	[834 ,  795]  =  -0.999999
	[587 ,  796]  =  1.0
	[111 ,  797]  =  8.30871e-290
	[363 ,  797]  =  -0.715263
	[595 ,  797]  =  -0.698855
	[53  ,  798]  =  -1.0
	[594 ,  798]  =  1.3829e-289
	[596 ,  799]  =  1.0
	[598 ,  800]  =  1.0
	[37  ,  801]  =  -2.07958e-289
	[984 ,  801]  =  1.0
	[602 ,  802]  =  1.0
	[603 ,  803]  =  1.0
	[604 ,  804]  =  1.0
	[388 ,  805]  =  1.0
	[627 ,  805]  =  -1.59998e-289
	[15  ,  806]  =  -7.97608e-288
	[213 ,  806]  =  0.00172324
	[407 ,  806]  =  -1.29834e-289
	[693 ,  806]  =  -9.0915e-288
	[820 ,  806]  =  -1.00941e-289
	[834 ,  806]  =  0.999999
	[15  ,  807]  =  7.97608e-288
	[213 ,  807]  =  -0.00172324
	[407 ,  807]  =  1.29834e-289
	[693 ,  807]  =  9.0915e-288
	[820 ,  807]  =  1.00941e-289
	[834 ,  807]  =  -0.999999
	[15  ,  808]  =  -7.97608e-288
	[213 ,  808]  =  0.00172324
	[407 ,  808]  =  -1.29834e-289
	[693 ,  808]  =  -9.0915e-288
	[820 ,  808]  =  -1.00941e-289
	[834 ,  808]  =  0.999999
	[608 ,  809]  =  1.0
	[560 ,  810]  =  -8.88647e-290
	[632 ,  810]  =  0.586552
	[789 ,  810]  =  0.809912
	[919 ,  810]  =  -1.57361e-289
	[950 ,  811]  =  1.0
	[192 ,  812]  =  -0.159353
	[327 ,  812]  =  -0.352295
	[617 ,  812]  =  1.34517e-289
	[950 ,  812]  =  -0.922223
	[620 ,  813]  =  1.0
	[111 ,  814]  =  8.30871e-290
	[363 ,  814]  =  -0.715263
	[595 ,  814]  =  -0.698855
	[707 ,  815]  =  1.0
	[631 ,  816]  =  1.19682e-289
	[707 ,  816]  =  -1.0
	[213 ,  817]  =  0.00172324
	[820 ,  817]  =  -1.00941e-289
	[834 ,  817]  =  0.999999
	[213 ,  818]  =  0.00172324
	[820 ,  818]  =  -1.00941e-289
	[834 ,  818]  =  0.999999
	[636 ,  819]  =  1.0
	[638 ,  820]  =  1.0
	[639 ,  821]  =  1.0
	[640 ,  822]  =  1.0
	[161 ,  823]  =  1.97971e-289
	[341 ,  823]  =  -0.929394
	[514 ,  823]  =  -0.369089
	[643 ,  824]  =  1.0
	[51  ,  825]  =  -1.0
	[650 ,  825]  =  1.55851e-289
	[228 ,  826]  =  1.89713e-289
	[258 ,  826]  =  7.02032e-290
	[444 ,  826]  =  -1.0
	[472 ,  826]  =  3.71429e-290
	[917 ,  826]  =  5.75154e-290
	[652 ,  827]  =  1.0
	[654 ,  828]  =  1.0
	[738 ,  829]  =  1.0
	[33  ,  830]  =  -1.26151e-289
	[76  ,  830]  =  1.0
	[135 ,  830]  =  -1.21454e-289
	[610 ,  830]  =  -1.45903e-289
	[720 ,  830]  =  -9.77262e-290
	[560 ,  831]  =  -8.88647e-290
	[632 ,  831]  =  0.586552
	[789 ,  831]  =  0.809912
	[919 ,  831]  =  -1.57361e-289
	[43  ,  832]  =  -1.16744e-289
	[183 ,  832]  =  1.0
	[661 ,  833]  =  1.0
	[12  ,  834]  =  -1.0
	[662 ,  834]  =  2.56544e-288
	[665 ,  835]  =  2.55062e-289
	[712 ,  835]  =  -1.0
	[666 ,  836]  =  1.0
	[301 ,  837]  =  -1.0
	[671 ,  837]  =  1.1618e-289
	[543 ,  838]  =  -1.0
	[869 ,  838]  =  2.2963e-289
	[178 ,  839]  =  -1.0
	[983 ,  839]  =  1.47854e-289
	[723 ,  840]  =  1.0
	[219 ,  841]  =  1.31202e-289
	[297 ,  841]  =  -1.0
	[496 ,  842]  =  3.26738e-289
	[611 ,  842]  =  2.3087e-289
	[647 ,  842]  =  -1.0
	[683 ,  843]  =  1.90732e-288
	[878 ,  843]  =  -1.0
	[918 ,  844]  =  1.0
	[53  ,  845]  =  -1.0
	[82  ,  845]  =  2.58593e-288
	[630 ,  845]  =  9.12366e-289
	[687 ,  846]  =  1.0
	[689 ,  847]  =  1.0
	[216 ,  848]  =  -1.0
	[690 ,  848]  =  8.87531e-288
	[89  ,  849]  =  -1.87718e-288
	[593 ,  849]  =  1.0
	[610 ,  849]  =  -1.58211e-287
	[692 ,  850]  =  1.0
	[381 ,  851]  =  -1.30756e-289
	[404 ,  851]  =  1.0
	[15  ,  852]  =  -7.97608e-288
	[213 ,  852]  =  0.00172324
	[407 ,  852]  =  -1.29834e-289
	[693 ,  852]  =  -9.0915e-288
	[820 ,  852]  =  -1.00941e-289
	[834 ,  852]  =  0.999999
	[111 ,  853]  =  8.30871e-290
	[363 ,  853]  =  -0.715263
	[595 ,  853]  =  -0.698855
	[111 ,  854]  =  -8.30871e-290
	[363 ,  854]  =  0.715263
	[595 ,  854]  =  0.698855
	[28  ,  855]  =  -1.0
	[699 ,  855]  =  1.12748e-289
	[22  ,  856]  =  -1.0
	[700 ,  856]  =  1.88791e-289
	[430 ,  857]  =  1.0
	[828 ,  857]  =  -2.58099e-289
	[878 ,  857]  =  -8.72786e-289
	[835 ,  858]  =  1.0
	[560 ,  859]  =  8.88647e-290
	[632 ,  859]  =  -0.586552
	[789 ,  859]  =  -0.809912
	[919 ,  859]  =  1.57361e-289
	[703 ,  860]  =  1.0
	[53  ,  861]  =  1.0
	[594 ,  861]  =  -1.3829e-289
	[304 ,  862]  =  -1.0
	[997 ,  862]  =  1.66102e-289
	[304 ,  863]  =  1.0
	[997 ,  863]  =  -1.66102e-289
	[191 ,  864]  =  1.3933e-289
	[424 ,  864]  =  -1.0
	[430 ,  864]  =  5.05983e-290
	[970 ,  865]  =  1.0
	[804 ,  866]  =  1.70698e-288
	[970 ,  866]  =  -1.0
	[804 ,  867]  =  -1.70698e-288
	[970 ,  867]  =  1.0
	[273 ,  868]  =  0.393232
	[337 ,  868]  =  -1.12802e-289
	[615 ,  868]  =  0.919439
	[10  ,  869]  =  8.38788e-289
	[51  ,  869]  =  -1.0
	[311 ,  869]  =  5.04277e-289
	[447 ,  869]  =  3.72756e-289
	[404 ,  870]  =  -1.0
	[724 ,  870]  =  1.07174e-288
	[725 ,  871]  =  1.0
	[726 ,  872]  =  1.0
	[608 ,  873]  =  -1.0
	[729 ,  873]  =  1.30276e-289
	[572 ,  874]  =  -1.45372e-289
	[923 ,  874]  =  1.0
	[572 ,  875]  =  1.45372e-289
	[923 ,  875]  =  -1.0
	[572 ,  876]  =  -1.45372e-289
	[923 ,  876]  =  1.0
	[600 ,  877]  =  -1.0
	[737 ,  877]  =  1.12358e-289
	[28  ,  878]  =  -0.995672
	[625 ,  878]  =  -0.0929385
	[739 ,  878]  =  1.67145e-289
	[15  ,  879]  =  -7.97608e-288
	[213 ,  879]  =  0.00172324
	[407 ,  879]  =  -1.29834e-289
	[693 ,  879]  =  -9.0915e-288
	[820 ,  879]  =  -1.00941e-289
	[834 ,  879]  =  0.999999
	[10  ,  880]  =  -8.38788e-289
	[51  ,  880]  =  1.0
	[311 ,  880]  =  -5.04277e-289
	[447 ,  880]  =  -3.72756e-289
	[743 ,  881]  =  1.42618e-289
	[877 ,  881]  =  -1.0
	[745 ,  882]  =  1.0
	[25  ,  883]  =  0.520646
	[268 ,  883]  =  -1.9412e-289
	[423 ,  883]  =  0.455565
	[493 ,  883]  =  -2.07327e-290
	[600 ,  883]  =  0.722072
	[812 ,  883]  =  -1.10351e-289
	[496 ,  884]  =  -3.26738e-289
	[611 ,  884]  =  -2.3087e-289
	[647 ,  884]  =  1.0
	[409 ,  885]  =  -1.99386e-289
	[497 ,  885]  =  -7.55491e-290
	[578 ,  885]  =  -2.13782e-289
	[630 ,  885]  =  1.0
	[754 ,  886]  =  1.0
	[755 ,  887]  =  1.0
	[452 ,  888]  =  1.0
	[464 ,  888]  =  -3.69186e-289
	[85  ,  889]  =  -1.99008e-289
	[119 ,  889]  =  -1.17122e-288
	[261 ,  889]  =  1.0
	[111 ,  890]  =  -8.30871e-290
	[363 ,  890]  =  0.715263
	[595 ,  890]  =  0.698855
	[761 ,  891]  =  1.0
	[53  ,  892]  =  1.0
	[82  ,  892]  =  -2.58593e-288
	[630 ,  892]  =  -9.12366e-289
	[765 ,  893]  =  1.0
	[227 ,  894]  =  -0.751105
	[407 ,  894]  =  -0.660183
	[766 ,  894]  =  1.4002e-289
	[769 ,  895]  =  1.0
	[273 ,  896]  =  -1.0
	[771 ,  896]  =  2.38222e-289
	[424 ,  897]  =  -1.0
	[772 ,  897]  =  1.58966e-289
	[884 ,  898]  =  1.0
	[774 ,  899]  =  1.35492e-289
	[884 ,  899]  =  -1.0
	[912 ,  900]  =  -1.0607e-289
	[996 ,  900]  =  1.0
	[778 ,  901]  =  1.0
	[779 ,  902]  =  4.82935e-289
	[939 ,  902]  =  -1.0
	[349 ,  903]  =  -4.0162e-289
	[625 ,  903]  =  1.0
	[28  ,  904]  =  0.995672
	[625 ,  904]  =  0.0929385
	[739 ,  904]  =  -1.67145e-289
	[25  ,  905]  =  -0.520646
	[268 ,  905]  =  1.9412e-289
	[423 ,  905]  =  -0.455565
	[493 ,  905]  =  2.07327e-290
	[600 ,  905]  =  -0.722072
	[812 ,  905]  =  1.10351e-289
	[119 ,  906]  =  -1.0
	[787 ,  906]  =  1.34049e-289
	[53  ,  907]  =  -1.0
	[82  ,  907]  =  2.58593e-288
	[34  ,  908]  =  -9.73354e-290
	[399 ,  908]  =  0.665678
	[559 ,  908]  =  0.746239
	[792 ,  909]  =  1.0
	[559 ,  910]  =  -1.0
	[793 ,  910]  =  3.76122e-289
	[795 ,  911]  =  1.0
	[327 ,  912]  =  -1.0
	[798 ,  912]  =  2.62177e-289
	[588 ,  913]  =  -1.0
	[799 ,  913]  =  5.11201e-288
	[802 ,  914]  =  1.0
	[831 ,  915]  =  1.0
	[806 ,  916]  =  2.31193e-289
	[831 ,  916]  =  -1.0
	[268 ,  917]  =  4.26107e-289
	[423 ,  917]  =  -1.0
	[269 ,  918]  =  -1.0
	[815 ,  918]  =  4.80675e-289
	[816 ,  919]  =  1.0
	[817 ,  920]  =  1.0
	[270 ,  921]  =  -0.988684
	[818 ,  921]  =  1.334e-289
	[950 ,  921]  =  -0.150011
	[588 ,  922]  =  1.0
	[799 ,  922]  =  -5.11201e-288
	[277 ,  923]  =  -1.0
	[822 ,  923]  =  1.26535e-289
	[111 ,  924]  =  8.30871e-290
	[363 ,  924]  =  -0.715263
	[595 ,  924]  =  -0.698855
	[192 ,  925]  =  -1.0
	[406 ,  925]  =  1.95549e-289
	[609 ,  925]  =  5.89536e-290
	[161 ,  926]  =  -1.97971e-289
	[341 ,  926]  =  0.929394
	[514 ,  926]  =  0.369089
	[827 ,  927]  =  1.0
	[560 ,  928]  =  -8.88647e-290
	[632 ,  928]  =  0.586552
	[789 ,  928]  =  0.809912
	[919 ,  928]  =  -1.57361e-289
	[121 ,  929]  =  -1.0
	[237 ,  929]  =  6.73426e-289
	[388 ,  930]  =  1.0
	[627 ,  930]  =  -1.59998e-289
	[25  ,  931]  =  0.520646
	[268 ,  931]  =  -1.9412e-289
	[423 ,  931]  =  0.455565
	[493 ,  931]  =  -2.07327e-290
	[600 ,  931]  =  0.722072
	[812 ,  931]  =  -1.10351e-289
	[839 ,  932]  =  1.0
	[161 ,  933]  =  -1.97971e-289
	[341 ,  933]  =  0.929394
	[514 ,  933]  =  0.369089
	[279 ,  934]  =  1.92133e-289
	[288 ,  934]  =  1.79505e-289
	[318 ,  934]  =  -1.0
	[912 ,  935]  =  1.0607e-289
	[996 ,  935]  =  -1.0
	[843 ,  936]  =  1.0
	[219 ,  937]  =  -1.31202e-289
	[297 ,  937]  =  1.0
	[146 ,  938]  =  -1.0
	[849 ,  938]  =  2.76289e-288
	[279 ,  939]  =  -1.0
	[398 ,  939]  =  2.41845e-289
	[854 ,  940]  =  1.0
	[595 ,  941]  =  0.0582898
	[705 ,  941]  =  0.9983
	[889 ,  941]  =  -1.09768e-289
	[213 ,  942]  =  -0.00172324
	[820 ,  942]  =  1.00941e-289
	[834 ,  942]  =  -0.999999
	[858 ,  943]  =  2.64539e-289
	[984 ,  943]  =  -1.0
	[28  ,  944]  =  -0.995672
	[625 ,  944]  =  -0.0929385
	[739 ,  944]  =  1.67145e-289
	[861 ,  945]  =  1.0
	[862 ,  946]  =  1.0
	[863 ,  947]  =  1.0
	[867 ,  948]  =  1.0
	[262 ,  949]  =  -1.0
	[871 ,  949]  =  1.30807e-289
	[69  ,  950]  =  -2.28208e-289
	[587 ,  950]  =  -1.89769e-289
	[593 ,  950]  =  1.0
	[69  ,  951]  =  2.28208e-289
	[587 ,  951]  =  1.89769e-289
	[593 ,  951]  =  -1.0
	[560 ,  952]  =  -8.88647e-290
	[632 ,  952]  =  0.586552
	[789 ,  952]  =  0.809912
	[919 ,  952]  =  -1.57361e-289
	[881 ,  953]  =  1.0
	[599 ,  954]  =  -2.01997e-289
	[658 ,  954]  =  0.840787
	[709 ,  954]  =  0.541366
	[848 ,  955]  =  -1.56556e-289
	[984 ,  955]  =  1.0
	[769 ,  956]  =  -1.0
	[893 ,  956]  =  3.04205e-288
	[894 ,  957]  =  1.0
	[755 ,  958]  =  -1.0
	[898 ,  958]  =  2.42493e-289
	[55  ,  959]  =  -0.937186
	[667 ,  959]  =  4.36397e-289
	[848 ,  959]  =  5.46111e-290
	[984 ,  959]  =  -0.348829
	[267 ,  960]  =  -1.0
	[900 ,  960]  =  1.20238e-288
	[349 ,  961]  =  -4.0162e-289
	[625 ,  961]  =  1.0
	[775 ,  961]  =  -3.47109e-289
	[172 ,  962]  =  -4.36532e-289
	[610 ,  962]  =  1.0
	[213 ,  963]  =  -0.00172324
	[820 ,  963]  =  1.00941e-289
	[834 ,  963]  =  -0.999999
	[620 ,  964]  =  -1.0
	[911 ,  964]  =  3.07891e-289
	[75  ,  965]  =  -1.49321e-288
	[359 ,  965]  =  1.0
	[376 ,  965]  =  -3.46254e-288
	[236 ,  966]  =  -2.13441e-289
	[857 ,  966]  =  1.0
	[161 ,  967]  =  -1.97971e-289
	[341 ,  967]  =  0.929394
	[514 ,  967]  =  0.369089
	[15  ,  968]  =  7.97608e-288
	[213 ,  968]  =  -0.00172324
	[407 ,  968]  =  1.29834e-289
	[693 ,  968]  =  9.0915e-288
	[820 ,  968]  =  1.00941e-289
	[834 ,  968]  =  -0.999999
	[111 ,  969]  =  -8.30871e-290
	[363 ,  969]  =  0.715263
	[595 ,  969]  =  0.698855
	[931 ,  970]  =  1.0
	[111 ,  971]  =  -8.30871e-290
	[363 ,  971]  =  0.715263
	[595 ,  971]  =  0.698855
	[935 ,  972]  =  1.0
	[67  ,  973]  =  -1.0
	[936 ,  973]  =  4.53237e-289
	[404 ,  974]  =  0.38943
	[465 ,  974]  =  0.921056
	[796 ,  974]  =  -1.05505e-289
	[161 ,  975]  =  1.97971e-289
	[341 ,  975]  =  -0.929394
	[514 ,  975]  =  -0.369089
	[404 ,  976]  =  0.38943
	[465 ,  976]  =  0.921056
	[796 ,  976]  =  -1.05505e-289
	[951 ,  977]  =  1.0
	[254 ,  978]  =  -1.0
	[952 ,  978]  =  3.49973e-289
	[191 ,  979]  =  -1.3933e-289
	[424 ,  979]  =  1.0
	[430 ,  979]  =  -5.05983e-290
	[954 ,  980]  =  1.0
	[955 ,  981]  =  1.0
	[111 ,  982]  =  -8.30871e-290
	[363 ,  982]  =  0.715263
	[595 ,  982]  =  0.698855
	[104 ,  983]  =  -0.399358
	[379 ,  983]  =  -0.916795
	[958 ,  983]  =  1.22036e-289
	[581 ,  984]  =  -1.69651e-289
	[819 ,  984]  =  1.0
	[962 ,  985]  =  1.0
	[90  ,  986]  =  -1.0
	[963 ,  986]  =  1.65899e-289
	[213 ,  987]  =  0.00172324
	[820 ,  987]  =  -1.00941e-289
	[834 ,  987]  =  0.999999
	[906 ,  988]  =  -1.0
	[966 ,  988]  =  1.61354e-289
	[974 ,  989]  =  1.0
	[300 ,  990]  =  3.78895e-289
	[452 ,  990]  =  -1.0
	[733 ,  990]  =  1.72624e-289
	[995 ,  990]  =  3.94161e-289
	[804 ,  991]  =  1.70698e-288
	[970 ,  991]  =  -1.0
	[976 ,  992]  =  1.0
	[388 ,  993]  =  1.0
	[627 ,  993]  =  -1.59998e-289
	[111 ,  994]  =  -8.30871e-290
	[363 ,  994]  =  0.715263
	[595 ,  994]  =  0.698855
	[243 ,  995]  =  -1.0
	[986 ,  995]  =  1.86182e-289
	[69  ,  996]  =  -2.28208e-289
	[587 ,  996]  =  -1.89769e-289
	[593 ,  996]  =  1.0
	[990 ,  997]  =  1.0
	[130 ,  998]  =  -1.0
	[991 ,  998]  =  1.40318e-287
	[552 ,  999]  =  -1.45001e-288
	[600 ,  999]  =  1.0
	[737 ,  999]  =  -1.12358e-289
	[89  , 1000]  =  1.87718e-288
	[593 , 1000]  =  -1.0
	[610 , 1000]  =  1.58211e-287
[Finished in 3.393s]
