[Command: julia /Users/Caitlin/development/computeEig/powermethod.jl]
sparcematrix =
	[521 ,    8]  =  0.4749
	[164 ,   11]  =  0.462232
	[573 ,   11]  =  0.944734
	[477 ,   13]  =  0.445853
	[906 ,   16]  =  0.412143
	[199 ,   29]  =  0.564892
	[106 ,   38]  =  0.383889
	[639 ,   40]  =  0.277837
	[566 ,   44]  =  0.792232
	[969 ,   47]  =  0.920991
	[368 ,   54]  =  0.822482
	[179 ,   56]  =  0.903553
	[622 ,   66]  =  0.546938
	[321 ,   84]  =  0.106305
	[818 ,   84]  =  0.662335
	[867 ,   87]  =  0.560874
	[742 ,   94]  =  0.207634
	[434 ,  114]  =  0.283342
	[357 ,  117]  =  0.570449
	[999 ,  118]  =  0.727361
	[652 ,  159]  =  0.195366
	[235 ,  167]  =  0.250417
	[370 ,  168]  =  0.714696
	[822 ,  178]  =  0.515771
	[682 ,  195]  =  0.557229
	[562 ,  199]  =  0.940367
	[769 ,  199]  =  0.574184
	[117 ,  210]  =  0.221531
	[294 ,  213]  =  0.625458
	[639 ,  215]  =  0.552679
	[19  ,  244]  =  0.405381
	[212 ,  253]  =  0.838106
	[329 ,  255]  =  0.304886
	[595 ,  258]  =  0.344613
	[65  ,  262]  =  0.0130049
	[241 ,  266]  =  0.69458
	[241 ,  272]  =  0.567931
	[507 ,  274]  =  0.629949
	[534 ,  277]  =  0.620815
	[410 ,  282]  =  0.836265
	[767 ,  284]  =  0.824853
	[72  ,  298]  =  0.734471
	[968 ,  299]  =  0.158598
	[16  ,  300]  =  0.232885
	[101 ,  335]  =  0.600685
	[170 ,  357]  =  0.999307
	[336 ,  358]  =  0.495651
	[640 ,  358]  =  0.687984
	[223 ,  405]  =  0.721464
	[537 ,  410]  =  0.532373
	[439 ,  422]  =  0.108753
	[153 ,  437]  =  0.196639
	[103 ,  461]  =  0.43008
	[749 ,  469]  =  0.891028
	[97  ,  480]  =  0.545104
	[197 ,  489]  =  0.908477
	[703 ,  489]  =  0.893609
	[60  ,  507]  =  0.0151244
	[827 ,  508]  =  0.818117
	[569 ,  524]  =  0.0359498
	[666 ,  530]  =  0.431858
	[589 ,  531]  =  0.91335
	[303 ,  534]  =  0.460118
	[535 ,  535]  =  0.169557
	[606 ,  545]  =  0.332186
	[90  ,  565]  =  0.166385
	[245 ,  565]  =  0.707379
	[940 ,  567]  =  0.968916
	[579 ,  569]  =  0.521442
	[704 ,  572]  =  0.0895779
	[228 ,  583]  =  0.23258
	[117 ,  584]  =  0.914556
	[53  ,  586]  =  0.959143
	[516 ,  596]  =  0.858683
	[417 ,  603]  =  0.94902
	[336 ,  606]  =  0.350545
	[513 ,  613]  =  0.546386
	[12  ,  620]  =  0.376165
	[590 ,  623]  =  0.994123
	[760 ,  623]  =  0.567298
	[840 ,  627]  =  0.0213562
	[1000,  643]  =  0.996229
	[326 ,  656]  =  0.45324
	[592 ,  671]  =  0.871529
	[677 ,  679]  =  0.899135
	[414 ,  695]  =  0.600965
	[260 ,  713]  =  0.506034
	[572 ,  725]  =  0.228769
	[333 ,  732]  =  0.908978
	[663 ,  761]  =  0.621694
	[436 ,  766]  =  0.772806
	[345 ,  770]  =  0.923194
	[528 ,  778]  =  0.114854
	[453 ,  782]  =  0.372898
	[438 ,  804]  =  0.656895
	[330 ,  815]  =  0.730338
	[982 ,  827]  =  0.075537
	[947 ,  835]  =  0.412725
	[50  ,  837]  =  0.458014
	[591 ,  848]  =  0.0334165
	[867 ,  855]  =  0.0300885
	[191 ,  874]  =  0.0300082
	[191 ,  903]  =  0.847534
	[986 ,  903]  =  0.696482
	[694 ,  908]  =  0.426424
	[601 ,  916]  =  0.630077
	[371 ,  919]  =  0.478932
	[329 ,  930]  =  0.197865
	[168 ,  940]  =  0.730412
	[835 ,  940]  =  0.430441
	[737 ,  972]  =  0.166354
	[771 ,  992]  =  0.415317
	[390 ,  994]  =  0.032905
	[760 ,  998]  =  0.710627
i = 5
sparse(dominantEigenvector) =
	[535 ,    1]  =  1.0


sparse(allEigenvectors) =
	[1   ,    1]  =  1.0
	[2   ,    2]  =  1.0
	[3   ,    3]  =  1.0
	[4   ,    4]  =  1.0
	[5   ,    5]  =  1.0
	[6   ,    6]  =  1.0
	[7   ,    7]  =  1.0
	[521 ,    8]  =  1.0
	[8   ,    9]  =  2.1101e-289
	[521 ,    9]  =  -1.0
	[9   ,   10]  =  1.0
	[10  ,   11]  =  1.0
	[164 ,   12]  =  1.0
	[573 ,   13]  =  1.0
	[11  ,   14]  =  9.52777e-290
	[164 ,   14]  =  -0.439488
	[573 ,   14]  =  -0.898249
	[12  ,   15]  =  1.0
	[477 ,   16]  =  1.0
	[13  ,   17]  =  2.24757e-289
	[477 ,   17]  =  -1.0
	[14  ,   18]  =  1.0
	[15  ,   19]  =  1.0
	[906 ,   20]  =  1.0
	[16  ,   21]  =  2.4314e-289
	[906 ,   21]  =  -1.0
	[17  ,   22]  =  1.0
	[18  ,   23]  =  1.0
	[19  ,   24]  =  1.0
	[20  ,   25]  =  1.0
	[21  ,   26]  =  1.0
	[22  ,   27]  =  1.0
	[23  ,   28]  =  1.0
	[24  ,   29]  =  1.0
	[25  ,   30]  =  1.0
	[26  ,   31]  =  1.0
	[27  ,   32]  =  1.0
	[28  ,   33]  =  1.0
	[769 ,   34]  =  1.0
	[562 ,   35]  =  1.0
	[199 ,   36]  =  9.09492e-290
	[562 ,   36]  =  -0.853478
	[769 ,   36]  =  -0.521129
	[199 ,   37]  =  -9.09492e-290
	[562 ,   37]  =  0.853478
	[769 ,   37]  =  0.521129
	[30  ,   38]  =  1.0
	[31  ,   39]  =  1.0
	[32  ,   40]  =  1.0
	[33  ,   41]  =  1.0
	[34  ,   42]  =  1.0
	[35  ,   43]  =  1.0
	[36  ,   44]  =  1.0
	[37  ,   45]  =  1.0
	[106 ,   46]  =  1.0
	[38  ,   47]  =  2.61035e-289
	[106 ,   47]  =  -1.0
	[39  ,   48]  =  1.0
	[639 ,   49]  =  1.0
	[40  ,   50]  =  3.60674e-289
	[639 ,   50]  =  -1.0
	[41  ,   51]  =  1.0
	[42  ,   52]  =  1.0
	[43  ,   53]  =  1.0
	[566 ,   54]  =  1.0
	[44  ,   55]  =  1.26489e-289
	[566 ,   55]  =  -1.0
	[45  ,   56]  =  1.0
	[46  ,   57]  =  1.0
	[969 ,   58]  =  1.0
	[47  ,   59]  =  1.08805e-289
	[969 ,   59]  =  -1.0
	[48  ,   60]  =  1.0
	[49  ,   61]  =  1.0
	[50  ,   62]  =  1.0
	[51  ,   63]  =  1.0
	[52  ,   64]  =  1.0
	[53  ,   65]  =  1.0
	[368 ,   66]  =  1.0
	[54  ,   67]  =  1.21837e-289
	[368 ,   67]  =  -1.0
	[55  ,   68]  =  1.0
	[179 ,   69]  =  1.0
	[56  ,   70]  =  1.10905e-289
	[179 ,   70]  =  -1.0
	[57  ,   71]  =  1.0
	[58  ,   72]  =  1.0
	[59  ,   73]  =  1.0
	[60  ,   74]  =  1.0
	[61  ,   75]  =  1.0
	[62  ,   76]  =  1.0
	[63  ,   77]  =  1.0
	[64  ,   78]  =  1.0
	[65  ,   79]  =  1.0
	[622 ,   80]  =  1.0
	[66  ,   81]  =  1.83217e-289
	[622 ,   81]  =  -1.0
	[67  ,   82]  =  1.0
	[68  ,   83]  =  1.0
	[69  ,   84]  =  1.0
	[70  ,   85]  =  1.0
	[71  ,   86]  =  1.0
	[72  ,   87]  =  1.0
	[73  ,   88]  =  1.0
	[74  ,   89]  =  1.0
	[75  ,   90]  =  1.0
	[76  ,   91]  =  1.0
	[77  ,   92]  =  1.0
	[78  ,   93]  =  1.0
	[79  ,   94]  =  1.0
	[80  ,   95]  =  1.0
	[81  ,   96]  =  1.0
	[82  ,   97]  =  1.0
	[83  ,   98]  =  1.0
	[321 ,   99]  =  1.0
	[818 ,  100]  =  1.0
	[84  ,  101]  =  1.49384e-289
	[321 ,  101]  =  -0.158473
	[818 ,  101]  =  -0.987363
	[85  ,  102]  =  1.0
	[86  ,  103]  =  1.0
	[867 ,  104]  =  1.0
	[87  ,  105]  =  1.78665e-289
	[867 ,  105]  =  -1.0
	[88  ,  106]  =  1.0
	[89  ,  107]  =  1.0
	[90  ,  108]  =  1.0
	[91  ,  109]  =  1.0
	[92  ,  110]  =  1.0
	[93  ,  111]  =  1.0
	[742 ,  112]  =  1.0
	[94  ,  113]  =  4.82621e-289
	[742 ,  113]  =  -1.0
	[95  ,  114]  =  1.0
	[96  ,  115]  =  1.0
	[97  ,  116]  =  1.0
	[98  ,  117]  =  1.0
	[99  ,  118]  =  1.0
	[100 ,  119]  =  1.0
	[101 ,  120]  =  1.0
	[102 ,  121]  =  1.0
	[103 ,  122]  =  1.0
	[104 ,  123]  =  1.0
	[105 ,  124]  =  1.0
	[107 ,  125]  =  1.0
	[108 ,  126]  =  1.0
	[109 ,  127]  =  1.0
	[110 ,  128]  =  1.0
	[111 ,  129]  =  1.0
	[112 ,  130]  =  1.0
	[113 ,  131]  =  1.0
	[434 ,  132]  =  1.0
	[114 ,  133]  =  3.53666e-289
	[434 ,  133]  =  -1.0
	[115 ,  134]  =  1.0
	[116 ,  135]  =  1.0
	[170 ,  136]  =  1.0
	[170 ,  137]  =  -1.0
	[357 ,  137]  =  1.00278e-289
	[170 ,  138]  =  1.0
	[357 ,  138]  =  -1.00278e-289
	[999 ,  139]  =  1.0
	[118 ,  140]  =  1.3777e-289
	[999 ,  140]  =  -1.0
	[119 ,  141]  =  1.0
	[120 ,  142]  =  1.0
	[121 ,  143]  =  1.0
	[122 ,  144]  =  1.0
	[123 ,  145]  =  1.0
	[124 ,  146]  =  1.0
	[125 ,  147]  =  1.0
	[126 ,  148]  =  1.0
	[127 ,  149]  =  1.0
	[128 ,  150]  =  1.0
	[129 ,  151]  =  1.0
	[130 ,  152]  =  1.0
	[131 ,  153]  =  1.0
	[132 ,  154]  =  1.0
	[133 ,  155]  =  1.0
	[134 ,  156]  =  1.0
	[135 ,  157]  =  1.0
	[136 ,  158]  =  1.0
	[137 ,  159]  =  1.0
	[138 ,  160]  =  1.0
	[139 ,  161]  =  1.0
	[140 ,  162]  =  1.0
	[141 ,  163]  =  1.0
	[142 ,  164]  =  1.0
	[143 ,  165]  =  1.0
	[144 ,  166]  =  1.0
	[145 ,  167]  =  1.0
	[146 ,  168]  =  1.0
	[147 ,  169]  =  1.0
	[148 ,  170]  =  1.0
	[149 ,  171]  =  1.0
	[150 ,  172]  =  1.0
	[151 ,  173]  =  1.0
	[152 ,  174]  =  1.0
	[153 ,  175]  =  1.0
	[154 ,  176]  =  1.0
	[155 ,  177]  =  1.0
	[156 ,  178]  =  1.0
	[157 ,  179]  =  1.0
	[158 ,  180]  =  1.0
	[652 ,  181]  =  1.0
	[159 ,  182]  =  5.12927e-289
	[652 ,  182]  =  -1.0
	[160 ,  183]  =  1.0
	[161 ,  184]  =  1.0
	[162 ,  185]  =  1.0
	[163 ,  186]  =  1.0
	[165 ,  187]  =  1.0
	[166 ,  188]  =  1.0
	[235 ,  189]  =  1.0
	[167 ,  190]  =  4.00166e-289
	[235 ,  190]  =  -1.0
	[370 ,  191]  =  1.0
	[168 ,  192]  =  1.40211e-289
	[370 ,  192]  =  -1.0
	[169 ,  193]  =  1.0
	[171 ,  194]  =  1.0
	[172 ,  195]  =  1.0
	[173 ,  196]  =  1.0
	[174 ,  197]  =  1.0
	[175 ,  198]  =  1.0
	[176 ,  199]  =  1.0
	[177 ,  200]  =  1.0
	[822 ,  201]  =  1.0
	[178 ,  202]  =  1.94289e-289
	[822 ,  202]  =  -1.0
	[180 ,  203]  =  1.0
	[181 ,  204]  =  1.0
	[182 ,  205]  =  1.0
	[183 ,  206]  =  1.0
	[184 ,  207]  =  1.0
	[185 ,  208]  =  1.0
	[186 ,  209]  =  1.0
	[187 ,  210]  =  1.0
	[188 ,  211]  =  1.0
	[189 ,  212]  =  1.0
	[190 ,  213]  =  1.0
	[191 ,  214]  =  1.0
	[192 ,  215]  =  1.0
	[193 ,  216]  =  1.0
	[194 ,  217]  =  1.0
	[682 ,  218]  =  1.0
	[195 ,  219]  =  1.79834e-289
	[682 ,  219]  =  -1.0
	[196 ,  220]  =  1.0
	[197 ,  221]  =  1.0
	[198 ,  222]  =  1.0
	[200 ,  223]  =  1.0
	[201 ,  224]  =  1.0
	[202 ,  225]  =  1.0
	[203 ,  226]  =  1.0
	[204 ,  227]  =  1.0
	[205 ,  228]  =  1.0
	[206 ,  229]  =  1.0
	[207 ,  230]  =  1.0
	[208 ,  231]  =  1.0
	[209 ,  232]  =  1.0
	[170 ,  233]  =  -1.0
	[357 ,  233]  =  1.00278e-289
	[211 ,  234]  =  1.0
	[212 ,  235]  =  1.0
	[294 ,  236]  =  1.0
	[213 ,  237]  =  1.60216e-289
	[294 ,  237]  =  -1.0
	[214 ,  238]  =  1.0
	[215 ,  239]  =  1.81314e-289
	[639 ,  239]  =  -1.0
	[216 ,  240]  =  1.0
	[217 ,  241]  =  1.0
	[218 ,  242]  =  1.0
	[219 ,  243]  =  1.0
	[220 ,  244]  =  1.0
	[221 ,  245]  =  1.0
	[222 ,  246]  =  1.0
	[223 ,  247]  =  1.0
	[224 ,  248]  =  1.0
	[225 ,  249]  =  1.0
	[226 ,  250]  =  1.0
	[227 ,  251]  =  1.0
	[228 ,  252]  =  1.0
	[229 ,  253]  =  1.0
	[230 ,  254]  =  1.0
	[231 ,  255]  =  1.0
	[232 ,  256]  =  1.0
	[233 ,  257]  =  1.0
	[234 ,  258]  =  1.0
	[236 ,  259]  =  1.0
	[237 ,  260]  =  1.0
	[238 ,  261]  =  1.0
	[239 ,  262]  =  1.0
	[240 ,  263]  =  1.0
	[241 ,  264]  =  1.0
	[242 ,  265]  =  1.0
	[243 ,  266]  =  1.0
	[19  ,  267]  =  -1.0
	[244 ,  267]  =  2.47196e-289
	[245 ,  268]  =  1.0
	[246 ,  269]  =  1.0
	[247 ,  270]  =  1.0
	[248 ,  271]  =  1.0
	[249 ,  272]  =  1.0
	[250 ,  273]  =  1.0
	[251 ,  274]  =  1.0
	[252 ,  275]  =  1.0
	[212 ,  276]  =  -1.0
	[253 ,  276]  =  1.19565e-289
	[254 ,  277]  =  1.0
	[329 ,  278]  =  1.0
	[255 ,  279]  =  3.28675e-289
	[329 ,  279]  =  -1.0
	[256 ,  280]  =  1.0
	[257 ,  281]  =  1.0
	[595 ,  282]  =  1.0
	[258 ,  283]  =  2.90785e-289
	[595 ,  283]  =  -1.0
	[259 ,  284]  =  1.0
	[260 ,  285]  =  1.0
	[261 ,  286]  =  1.0
	[65  ,  287]  =  -1.0
	[262 ,  287]  =  7.70543e-288
	[263 ,  288]  =  1.0
	[264 ,  289]  =  1.0
	[265 ,  290]  =  1.0
	[241 ,  291]  =  -1.0
	[266 ,  291]  =  1.44272e-289
	[267 ,  292]  =  1.0
	[268 ,  293]  =  1.0
	[269 ,  294]  =  1.0
	[270 ,  295]  =  1.0
	[271 ,  296]  =  1.0
	[241 ,  297]  =  -1.0
	[272 ,  297]  =  1.76445e-289
	[273 ,  298]  =  1.0
	[60  ,  299]  =  -1.0
	[507 ,  299]  =  6.62559e-288
	[60  ,  300]  =  1.0
	[507 ,  300]  =  -6.62559e-288
	[275 ,  301]  =  1.0
	[276 ,  302]  =  1.0
	[303 ,  303]  =  1.0
	[303 ,  304]  =  -1.0
	[534 ,  304]  =  2.17789e-289
	[303 ,  305]  =  1.0
	[534 ,  305]  =  -2.17789e-289
	[278 ,  306]  =  1.0
	[279 ,  307]  =  1.0
	[280 ,  308]  =  1.0
	[281 ,  309]  =  1.0
	[537 ,  310]  =  1.0
	[410 ,  311]  =  1.8823e-289
	[537 ,  311]  =  -1.0
	[410 ,  312]  =  -1.8823e-289
	[537 ,  312]  =  1.0
	[283 ,  313]  =  1.0
	[767 ,  314]  =  1.0
	[284 ,  315]  =  1.21486e-289
	[767 ,  315]  =  -1.0
	[285 ,  316]  =  1.0
	[286 ,  317]  =  1.0
	[287 ,  318]  =  1.0
	[288 ,  319]  =  1.0
	[289 ,  320]  =  1.0
	[290 ,  321]  =  1.0
	[291 ,  322]  =  1.0
	[292 ,  323]  =  1.0
	[293 ,  324]  =  1.0
	[295 ,  325]  =  1.0
	[296 ,  326]  =  1.0
	[297 ,  327]  =  1.0
	[72  ,  328]  =  -1.0
	[298 ,  328]  =  1.36436e-289
	[968 ,  329]  =  1.0
	[299 ,  330]  =  6.31839e-289
	[968 ,  330]  =  -1.0
	[16  ,  331]  =  -2.4314e-289
	[906 ,  331]  =  1.0
	[301 ,  332]  =  1.0
	[302 ,  333]  =  1.0
	[304 ,  334]  =  1.0
	[305 ,  335]  =  1.0
	[306 ,  336]  =  1.0
	[307 ,  337]  =  1.0
	[308 ,  338]  =  1.0
	[309 ,  339]  =  1.0
	[310 ,  340]  =  1.0
	[311 ,  341]  =  1.0
	[312 ,  342]  =  1.0
	[313 ,  343]  =  1.0
	[314 ,  344]  =  1.0
	[315 ,  345]  =  1.0
	[316 ,  346]  =  1.0
	[317 ,  347]  =  1.0
	[318 ,  348]  =  1.0
	[319 ,  349]  =  1.0
	[320 ,  350]  =  1.0
	[322 ,  351]  =  1.0
	[323 ,  352]  =  1.0
	[324 ,  353]  =  1.0
	[325 ,  354]  =  1.0
	[326 ,  355]  =  1.0
	[327 ,  356]  =  1.0
	[328 ,  357]  =  1.0
	[330 ,  358]  =  1.0
	[331 ,  359]  =  1.0
	[332 ,  360]  =  1.0
	[333 ,  361]  =  1.0
	[334 ,  362]  =  1.0
	[101 ,  363]  =  -1.0
	[335 ,  363]  =  1.66824e-289
	[336 ,  364]  =  1.0
	[337 ,  365]  =  1.0
	[338 ,  366]  =  1.0
	[339 ,  367]  =  1.0
	[340 ,  368]  =  1.0
	[341 ,  369]  =  1.0
	[342 ,  370]  =  1.0
	[343 ,  371]  =  1.0
	[344 ,  372]  =  1.0
	[345 ,  373]  =  1.0
	[346 ,  374]  =  1.0
	[347 ,  375]  =  1.0
	[348 ,  376]  =  1.0
	[349 ,  377]  =  1.0
	[350 ,  378]  =  1.0
	[351 ,  379]  =  1.0
	[352 ,  380]  =  1.0
	[353 ,  381]  =  1.0
	[354 ,  382]  =  1.0
	[355 ,  383]  =  1.0
	[356 ,  384]  =  1.0
	[640 ,  385]  =  1.0
	[336 ,  386]  =  -0.58454
	[358 ,  386]  =  1.1818e-289
	[640 ,  386]  =  -0.811365
	[359 ,  387]  =  1.0
	[360 ,  388]  =  1.0
	[361 ,  389]  =  1.0
	[362 ,  390]  =  1.0
	[363 ,  391]  =  1.0
	[364 ,  392]  =  1.0
	[365 ,  393]  =  1.0
	[366 ,  394]  =  1.0
	[367 ,  395]  =  1.0
	[369 ,  396]  =  1.0
	[371 ,  397]  =  1.0
	[372 ,  398]  =  1.0
	[373 ,  399]  =  1.0
	[374 ,  400]  =  1.0
	[375 ,  401]  =  1.0
	[376 ,  402]  =  1.0
	[377 ,  403]  =  1.0
	[378 ,  404]  =  1.0
	[379 ,  405]  =  1.0
	[380 ,  406]  =  1.0
	[381 ,  407]  =  1.0
	[382 ,  408]  =  1.0
	[383 ,  409]  =  1.0
	[384 ,  410]  =  1.0
	[385 ,  411]  =  1.0
	[386 ,  412]  =  1.0
	[387 ,  413]  =  1.0
	[388 ,  414]  =  1.0
	[389 ,  415]  =  1.0
	[390 ,  416]  =  1.0
	[391 ,  417]  =  1.0
	[392 ,  418]  =  1.0
	[393 ,  419]  =  1.0
	[394 ,  420]  =  1.0
	[395 ,  421]  =  1.0
	[396 ,  422]  =  1.0
	[397 ,  423]  =  1.0
	[398 ,  424]  =  1.0
	[399 ,  425]  =  1.0
	[400 ,  426]  =  1.0
	[401 ,  427]  =  1.0
	[402 ,  428]  =  1.0
	[403 ,  429]  =  1.0
	[404 ,  430]  =  1.0
	[223 ,  431]  =  -1.0
	[405 ,  431]  =  1.38896e-289
	[406 ,  432]  =  1.0
	[407 ,  433]  =  1.0
	[408 ,  434]  =  1.0
	[409 ,  435]  =  1.0
	[411 ,  436]  =  1.0
	[412 ,  437]  =  1.0
	[413 ,  438]  =  1.0
	[414 ,  439]  =  1.0
	[415 ,  440]  =  1.0
	[416 ,  441]  =  1.0
	[417 ,  442]  =  1.0
	[418 ,  443]  =  1.0
	[419 ,  444]  =  1.0
	[420 ,  445]  =  1.0
	[421 ,  446]  =  1.0
	[439 ,  447]  =  1.0
	[422 ,  448]  =  9.21435e-289
	[439 ,  448]  =  -1.0
	[423 ,  449]  =  1.0
	[424 ,  450]  =  1.0
	[425 ,  451]  =  1.0
	[426 ,  452]  =  1.0
	[427 ,  453]  =  1.0
	[428 ,  454]  =  1.0
	[429 ,  455]  =  1.0
	[430 ,  456]  =  1.0
	[431 ,  457]  =  1.0
	[432 ,  458]  =  1.0
	[433 ,  459]  =  1.0
	[435 ,  460]  =  1.0
	[436 ,  461]  =  1.0
	[153 ,  462]  =  -1.0
	[437 ,  462]  =  5.09605e-289
	[438 ,  463]  =  1.0
	[440 ,  464]  =  1.0
	[441 ,  465]  =  1.0
	[442 ,  466]  =  1.0
	[443 ,  467]  =  1.0
	[444 ,  468]  =  1.0
	[445 ,  469]  =  1.0
	[446 ,  470]  =  1.0
	[447 ,  471]  =  1.0
	[448 ,  472]  =  1.0
	[449 ,  473]  =  1.0
	[450 ,  474]  =  1.0
	[451 ,  475]  =  1.0
	[452 ,  476]  =  1.0
	[453 ,  477]  =  1.0
	[454 ,  478]  =  1.0
	[455 ,  479]  =  1.0
	[456 ,  480]  =  1.0
	[457 ,  481]  =  1.0
	[458 ,  482]  =  1.0
	[459 ,  483]  =  1.0
	[460 ,  484]  =  1.0
	[103 ,  485]  =  -1.0
	[461 ,  485]  =  2.32999e-289
	[462 ,  486]  =  1.0
	[463 ,  487]  =  1.0
	[464 ,  488]  =  1.0
	[465 ,  489]  =  1.0
	[466 ,  490]  =  1.0
	[467 ,  491]  =  1.0
	[468 ,  492]  =  1.0
	[749 ,  493]  =  1.0
	[469 ,  494]  =  1.12464e-289
	[749 ,  494]  =  -1.0
	[470 ,  495]  =  1.0
	[471 ,  496]  =  1.0
	[472 ,  497]  =  1.0
	[473 ,  498]  =  1.0
	[474 ,  499]  =  1.0
	[475 ,  500]  =  1.0
	[476 ,  501]  =  1.0
	[478 ,  502]  =  1.0
	[479 ,  503]  =  1.0
	[97  ,  504]  =  -1.0
	[480 ,  504]  =  1.83833e-289
	[481 ,  505]  =  1.0
	[482 ,  506]  =  1.0
	[483 ,  507]  =  1.0
	[484 ,  508]  =  1.0
	[485 ,  509]  =  1.0
	[486 ,  510]  =  1.0
	[487 ,  511]  =  1.0
	[488 ,  512]  =  1.0
	[703 ,  513]  =  1.0
	[197 ,  514]  =  -0.712916
	[489 ,  514]  =  7.86373e-290
	[703 ,  514]  =  -0.701249
	[490 ,  515]  =  1.0
	[491 ,  516]  =  1.0
	[492 ,  517]  =  1.0
	[493 ,  518]  =  1.0
	[494 ,  519]  =  1.0
	[495 ,  520]  =  1.0
	[496 ,  521]  =  1.0
	[497 ,  522]  =  1.0
	[498 ,  523]  =  1.0
	[499 ,  524]  =  1.0
	[500 ,  525]  =  1.0
	[501 ,  526]  =  1.0
	[502 ,  527]  =  1.0
	[503 ,  528]  =  1.0
	[504 ,  529]  =  1.0
	[505 ,  530]  =  1.0
	[506 ,  531]  =  1.0
	[982 ,  532]  =  1.0
	[827 ,  533]  =  1.32661e-288
	[982 ,  533]  =  -1.0
	[827 ,  534]  =  -1.32661e-288
	[982 ,  534]  =  1.0
	[509 ,  535]  =  1.0
	[510 ,  536]  =  1.0
	[511 ,  537]  =  1.0
	[512 ,  538]  =  1.0
	[513 ,  539]  =  1.0
	[514 ,  540]  =  1.0
	[515 ,  541]  =  1.0
	[516 ,  542]  =  1.0
	[517 ,  543]  =  1.0
	[518 ,  544]  =  1.0
	[519 ,  545]  =  1.0
	[520 ,  546]  =  1.0
	[522 ,  547]  =  1.0
	[523 ,  548]  =  1.0
	[579 ,  549]  =  1.0
	[569 ,  550]  =  1.92176e-289
	[579 ,  550]  =  -1.0
	[569 ,  551]  =  -1.92176e-289
	[579 ,  551]  =  1.0
	[525 ,  552]  =  1.0
	[526 ,  553]  =  1.0
	[527 ,  554]  =  1.0
	[528 ,  555]  =  1.0
	[529 ,  556]  =  1.0
	[666 ,  557]  =  1.0
	[530 ,  558]  =  2.3204e-289
	[666 ,  558]  =  -1.0
	[589 ,  559]  =  1.0
	[531 ,  560]  =  1.09715e-289
	[589 ,  560]  =  -1.0
	[532 ,  561]  =  1.0
	[533 ,  562]  =  1.0
	[535 ,  563]  =  1.0
	[536 ,  564]  =  1.0
	[538 ,  565]  =  1.0
	[539 ,  566]  =  1.0
	[540 ,  567]  =  1.0
	[541 ,  568]  =  1.0
	[542 ,  569]  =  1.0
	[543 ,  570]  =  1.0
	[544 ,  571]  =  1.0
	[336 ,  572]  =  -1.0
	[606 ,  572]  =  2.85864e-289
	[336 ,  573]  =  1.0
	[606 ,  573]  =  -2.85864e-289
	[546 ,  574]  =  1.0
	[547 ,  575]  =  1.0
	[548 ,  576]  =  1.0
	[549 ,  577]  =  1.0
	[550 ,  578]  =  1.0
	[551 ,  579]  =  1.0
	[552 ,  580]  =  1.0
	[553 ,  581]  =  1.0
	[554 ,  582]  =  1.0
	[555 ,  583]  =  1.0
	[556 ,  584]  =  1.0
	[557 ,  585]  =  1.0
	[558 ,  586]  =  1.0
	[559 ,  587]  =  1.0
	[560 ,  588]  =  1.0
	[561 ,  589]  =  1.0
	[563 ,  590]  =  1.0
	[564 ,  591]  =  1.0
	[90  ,  592]  =  -0.228965
	[245 ,  592]  =  -0.973435
	[565 ,  592]  =  1.37898e-289
	[947 ,  593]  =  1.0
	[835 ,  594]  =  2.42797e-289
	[947 ,  594]  =  -1.0
	[168 ,  595]  =  -1.32735e-289
	[370 ,  595]  =  0.946681
	[835 ,  595]  =  -7.82226e-290
	[947 ,  595]  =  0.322173
	[168 ,  596]  =  1.32735e-289
	[370 ,  596]  =  -0.946681
	[835 ,  596]  =  7.82226e-290
	[947 ,  596]  =  -0.322173
	[568 ,  597]  =  1.0
	[570 ,  598]  =  1.0
	[571 ,  599]  =  1.0
	[704 ,  600]  =  1.0
	[572 ,  601]  =  1.11867e-288
	[704 ,  601]  =  -1.0
	[574 ,  602]  =  1.0
	[575 ,  603]  =  1.0
	[576 ,  604]  =  1.0
	[577 ,  605]  =  1.0
	[578 ,  606]  =  1.0
	[580 ,  607]  =  1.0
	[581 ,  608]  =  1.0
	[582 ,  609]  =  1.0
	[228 ,  610]  =  -1.0
	[583 ,  610]  =  4.30856e-289
	[170 ,  611]  =  -1.0
	[357 ,  611]  =  1.00278e-289
	[585 ,  612]  =  1.0
	[53  ,  613]  =  -1.0
	[586 ,  613]  =  1.04477e-289
	[587 ,  614]  =  1.0
	[588 ,  615]  =  1.0
	[590 ,  616]  =  1.0
	[591 ,  617]  =  1.0
	[592 ,  618]  =  1.0
	[593 ,  619]  =  1.0
	[594 ,  620]  =  1.0
	[516 ,  621]  =  -1.0
	[596 ,  621]  =  1.167e-289
	[597 ,  622]  =  1.0
	[598 ,  623]  =  1.0
	[599 ,  624]  =  1.0
	[600 ,  625]  =  1.0
	[601 ,  626]  =  1.0
	[602 ,  627]  =  1.0
	[417 ,  628]  =  -1.0
	[603 ,  628]  =  1.05591e-289
	[604 ,  629]  =  1.0
	[605 ,  630]  =  1.0
	[607 ,  631]  =  1.0
	[608 ,  632]  =  1.0
	[609 ,  633]  =  1.0
	[610 ,  634]  =  1.0
	[611 ,  635]  =  1.0
	[612 ,  636]  =  1.0
	[513 ,  637]  =  -1.0
	[613 ,  637]  =  1.83402e-289
	[614 ,  638]  =  1.0
	[615 ,  639]  =  1.0
	[616 ,  640]  =  1.0
	[617 ,  641]  =  1.0
	[618 ,  642]  =  1.0
	[619 ,  643]  =  1.0
	[12  ,  644]  =  -1.0
	[620 ,  644]  =  2.66395e-289
	[621 ,  645]  =  1.0
	[760 ,  646]  =  1.0
	[590 ,  647]  =  -0.868534
	[623 ,  647]  =  8.75489e-290
	[760 ,  647]  =  -0.49563
	[624 ,  648]  =  1.0
	[625 ,  649]  =  1.0
	[626 ,  650]  =  1.0
	[840 ,  651]  =  1.0
	[627 ,  652]  =  4.69223e-288
	[840 ,  652]  =  -1.0
	[628 ,  653]  =  1.0
	[629 ,  654]  =  1.0
	[630 ,  655]  =  1.0
	[631 ,  656]  =  1.0
	[632 ,  657]  =  1.0
	[633 ,  658]  =  1.0
	[634 ,  659]  =  1.0
	[635 ,  660]  =  1.0
	[636 ,  661]  =  1.0
	[637 ,  662]  =  1.0
	[638 ,  663]  =  1.0
	[641 ,  664]  =  1.0
	[642 ,  665]  =  1.0
	[1000,  666]  =  1.0
	[643 ,  667]  =  1.00588e-289
	[1000,  667]  =  -1.0
	[644 ,  668]  =  1.0
	[645 ,  669]  =  1.0
	[646 ,  670]  =  1.0
	[647 ,  671]  =  1.0
	[648 ,  672]  =  1.0
	[649 ,  673]  =  1.0
	[650 ,  674]  =  1.0
	[651 ,  675]  =  1.0
	[653 ,  676]  =  1.0
	[654 ,  677]  =  1.0
	[655 ,  678]  =  1.0
	[326 ,  679]  =  -1.0
	[656 ,  679]  =  2.21093e-289
	[657 ,  680]  =  1.0
	[658 ,  681]  =  1.0
	[659 ,  682]  =  1.0
	[660 ,  683]  =  1.0
	[661 ,  684]  =  1.0
	[662 ,  685]  =  1.0
	[663 ,  686]  =  1.0
	[664 ,  687]  =  1.0
	[665 ,  688]  =  1.0
	[667 ,  689]  =  1.0
	[668 ,  690]  =  1.0
	[669 ,  691]  =  1.0
	[670 ,  692]  =  1.0
	[592 ,  693]  =  -1.0
	[671 ,  693]  =  1.1498e-289
	[672 ,  694]  =  1.0
	[673 ,  695]  =  1.0
	[674 ,  696]  =  1.0
	[675 ,  697]  =  1.0
	[676 ,  698]  =  1.0
	[677 ,  699]  =  1.0
	[678 ,  700]  =  1.0
	[677 ,  701]  =  -1.0
	[679 ,  701]  =  1.1145e-289
	[680 ,  702]  =  1.0
	[681 ,  703]  =  1.0
	[683 ,  704]  =  1.0
	[684 ,  705]  =  1.0
	[685 ,  706]  =  1.0
	[686 ,  707]  =  1.0
	[687 ,  708]  =  1.0
	[688 ,  709]  =  1.0
	[689 ,  710]  =  1.0
	[690 ,  711]  =  1.0
	[691 ,  712]  =  1.0
	[692 ,  713]  =  1.0
	[693 ,  714]  =  1.0
	[694 ,  715]  =  1.0
	[414 ,  716]  =  -1.0
	[695 ,  716]  =  1.66746e-289
	[696 ,  717]  =  1.0
	[697 ,  718]  =  1.0
	[698 ,  719]  =  1.0
	[699 ,  720]  =  1.0
	[700 ,  721]  =  1.0
	[701 ,  722]  =  1.0
	[702 ,  723]  =  1.0
	[705 ,  724]  =  1.0
	[706 ,  725]  =  1.0
	[707 ,  726]  =  1.0
	[708 ,  727]  =  1.0
	[709 ,  728]  =  1.0
	[710 ,  729]  =  1.0
	[711 ,  730]  =  1.0
	[712 ,  731]  =  1.0
	[260 ,  732]  =  -1.0
	[713 ,  732]  =  1.98027e-289
	[714 ,  733]  =  1.0
	[715 ,  734]  =  1.0
	[716 ,  735]  =  1.0
	[717 ,  736]  =  1.0
	[718 ,  737]  =  1.0
	[719 ,  738]  =  1.0
	[720 ,  739]  =  1.0
	[721 ,  740]  =  1.0
	[722 ,  741]  =  1.0
	[723 ,  742]  =  1.0
	[724 ,  743]  =  1.0
	[572 ,  744]  =  -1.11867e-288
	[704 ,  744]  =  1.0
	[726 ,  745]  =  1.0
	[727 ,  746]  =  1.0
	[728 ,  747]  =  1.0
	[729 ,  748]  =  1.0
	[730 ,  749]  =  1.0
	[731 ,  750]  =  1.0
	[333 ,  751]  =  -1.0
	[732 ,  751]  =  1.10243e-289
	[733 ,  752]  =  1.0
	[734 ,  753]  =  1.0
	[735 ,  754]  =  1.0
	[736 ,  755]  =  1.0
	[737 ,  756]  =  1.0
	[738 ,  757]  =  1.0
	[739 ,  758]  =  1.0
	[740 ,  759]  =  1.0
	[741 ,  760]  =  1.0
	[743 ,  761]  =  1.0
	[744 ,  762]  =  1.0
	[745 ,  763]  =  1.0
	[746 ,  764]  =  1.0
	[747 ,  765]  =  1.0
	[748 ,  766]  =  1.0
	[750 ,  767]  =  1.0
	[751 ,  768]  =  1.0
	[752 ,  769]  =  1.0
	[753 ,  770]  =  1.0
	[754 ,  771]  =  1.0
	[755 ,  772]  =  1.0
	[756 ,  773]  =  1.0
	[757 ,  774]  =  1.0
	[758 ,  775]  =  1.0
	[759 ,  776]  =  1.0
	[663 ,  777]  =  -1.0
	[761 ,  777]  =  1.61186e-289
	[762 ,  778]  =  1.0
	[763 ,  779]  =  1.0
	[764 ,  780]  =  1.0
	[765 ,  781]  =  1.0
	[436 ,  782]  =  -1.0
	[766 ,  782]  =  1.29668e-289
	[768 ,  783]  =  1.0
	[345 ,  784]  =  -1.0
	[770 ,  784]  =  1.08545e-289
	[771 ,  785]  =  1.0
	[772 ,  786]  =  1.0
	[773 ,  787]  =  1.0
	[774 ,  788]  =  1.0
	[775 ,  789]  =  1.0
	[776 ,  790]  =  1.0
	[777 ,  791]  =  1.0
	[528 ,  792]  =  -1.0
	[778 ,  792]  =  8.72482e-289
	[779 ,  793]  =  1.0
	[780 ,  794]  =  1.0
	[781 ,  795]  =  1.0
	[453 ,  796]  =  -1.0
	[782 ,  796]  =  2.68729e-289
	[783 ,  797]  =  1.0
	[784 ,  798]  =  1.0
	[785 ,  799]  =  1.0
	[786 ,  800]  =  1.0
	[787 ,  801]  =  1.0
	[788 ,  802]  =  1.0
	[789 ,  803]  =  1.0
	[790 ,  804]  =  1.0
	[791 ,  805]  =  1.0
	[792 ,  806]  =  1.0
	[793 ,  807]  =  1.0
	[794 ,  808]  =  1.0
	[795 ,  809]  =  1.0
	[796 ,  810]  =  1.0
	[797 ,  811]  =  1.0
	[798 ,  812]  =  1.0
	[799 ,  813]  =  1.0
	[800 ,  814]  =  1.0
	[801 ,  815]  =  1.0
	[802 ,  816]  =  1.0
	[803 ,  817]  =  1.0
	[438 ,  818]  =  -1.0
	[804 ,  818]  =  1.52549e-289
	[805 ,  819]  =  1.0
	[806 ,  820]  =  1.0
	[807 ,  821]  =  1.0
	[808 ,  822]  =  1.0
	[809 ,  823]  =  1.0
	[810 ,  824]  =  1.0
	[811 ,  825]  =  1.0
	[812 ,  826]  =  1.0
	[813 ,  827]  =  1.0
	[814 ,  828]  =  1.0
	[330 ,  829]  =  -1.0
	[815 ,  829]  =  1.37208e-289
	[816 ,  830]  =  1.0
	[817 ,  831]  =  1.0
	[819 ,  832]  =  1.0
	[820 ,  833]  =  1.0
	[821 ,  834]  =  1.0
	[823 ,  835]  =  1.0
	[824 ,  836]  =  1.0
	[825 ,  837]  =  1.0
	[826 ,  838]  =  1.0
	[828 ,  839]  =  1.0
	[829 ,  840]  =  1.0
	[830 ,  841]  =  1.0
	[831 ,  842]  =  1.0
	[832 ,  843]  =  1.0
	[833 ,  844]  =  1.0
	[834 ,  845]  =  1.0
	[836 ,  846]  =  1.0
	[50  ,  847]  =  -1.0
	[837 ,  847]  =  2.18789e-289
	[838 ,  848]  =  1.0
	[839 ,  849]  =  1.0
	[841 ,  850]  =  1.0
	[842 ,  851]  =  1.0
	[843 ,  852]  =  1.0
	[844 ,  853]  =  1.0
	[845 ,  854]  =  1.0
	[846 ,  855]  =  1.0
	[847 ,  856]  =  1.0
	[591 ,  857]  =  -1.0
	[848 ,  857]  =  2.99877e-288
	[849 ,  858]  =  1.0
	[850 ,  859]  =  1.0
	[851 ,  860]  =  1.0
	[852 ,  861]  =  1.0
	[853 ,  862]  =  1.0
	[854 ,  863]  =  1.0
	[855 ,  864]  =  3.33045e-288
	[867 ,  864]  =  -1.0
	[856 ,  865]  =  1.0
	[857 ,  866]  =  1.0
	[858 ,  867]  =  1.0
	[859 ,  868]  =  1.0
	[860 ,  869]  =  1.0
	[861 ,  870]  =  1.0
	[862 ,  871]  =  1.0
	[863 ,  872]  =  1.0
	[864 ,  873]  =  1.0
	[865 ,  874]  =  1.0
	[866 ,  875]  =  1.0
	[868 ,  876]  =  1.0
	[869 ,  877]  =  1.0
	[870 ,  878]  =  1.0
	[871 ,  879]  =  1.0
	[872 ,  880]  =  1.0
	[873 ,  881]  =  1.0
	[191 ,  882]  =  -1.0
	[874 ,  882]  =  3.33936e-288
	[875 ,  883]  =  1.0
	[876 ,  884]  =  1.0
	[877 ,  885]  =  1.0
	[878 ,  886]  =  1.0
	[879 ,  887]  =  1.0
	[880 ,  888]  =  1.0
	[881 ,  889]  =  1.0
	[882 ,  890]  =  1.0
	[883 ,  891]  =  1.0
	[884 ,  892]  =  1.0
	[885 ,  893]  =  1.0
	[886 ,  894]  =  1.0
	[887 ,  895]  =  1.0
	[888 ,  896]  =  1.0
	[889 ,  897]  =  1.0
	[890 ,  898]  =  1.0
	[891 ,  899]  =  1.0
	[892 ,  900]  =  1.0
	[893 ,  901]  =  1.0
	[894 ,  902]  =  1.0
	[895 ,  903]  =  1.0
	[896 ,  904]  =  1.0
	[897 ,  905]  =  1.0
	[898 ,  906]  =  1.0
	[899 ,  907]  =  1.0
	[900 ,  908]  =  1.0
	[901 ,  909]  =  1.0
	[902 ,  910]  =  1.0
	[986 ,  911]  =  1.0
	[191 ,  912]  =  -0.772595
	[903 ,  912]  =  9.1348e-290
	[986 ,  912]  =  -0.634899
	[904 ,  913]  =  1.0
	[905 ,  914]  =  1.0
	[907 ,  915]  =  1.0
	[694 ,  916]  =  -1.0
	[908 ,  916]  =  2.34997e-289
	[909 ,  917]  =  1.0
	[910 ,  918]  =  1.0
	[911 ,  919]  =  1.0
	[912 ,  920]  =  1.0
	[913 ,  921]  =  1.0
	[914 ,  922]  =  1.0
	[915 ,  923]  =  1.0
	[601 ,  924]  =  -1.0
	[916 ,  924]  =  1.59042e-289
	[917 ,  925]  =  1.0
	[918 ,  926]  =  1.0
	[371 ,  927]  =  -1.0
	[919 ,  927]  =  2.09233e-289
	[920 ,  928]  =  1.0
	[921 ,  929]  =  1.0
	[922 ,  930]  =  1.0
	[923 ,  931]  =  1.0
	[924 ,  932]  =  1.0
	[925 ,  933]  =  1.0
	[926 ,  934]  =  1.0
	[927 ,  935]  =  1.0
	[928 ,  936]  =  1.0
	[929 ,  937]  =  1.0
	[329 ,  938]  =  -1.0
	[930 ,  938]  =  5.06449e-289
	[931 ,  939]  =  1.0
	[932 ,  940]  =  1.0
	[933 ,  941]  =  1.0
	[934 ,  942]  =  1.0
	[935 ,  943]  =  1.0
	[936 ,  944]  =  1.0
	[937 ,  945]  =  1.0
	[938 ,  946]  =  1.0
	[939 ,  947]  =  1.0
	[941 ,  948]  =  1.0
	[942 ,  949]  =  1.0
	[943 ,  950]  =  1.0
	[944 ,  951]  =  1.0
	[945 ,  952]  =  1.0
	[946 ,  953]  =  1.0
	[948 ,  954]  =  1.0
	[949 ,  955]  =  1.0
	[950 ,  956]  =  1.0
	[951 ,  957]  =  1.0
	[952 ,  958]  =  1.0
	[953 ,  959]  =  1.0
	[954 ,  960]  =  1.0
	[955 ,  961]  =  1.0
	[956 ,  962]  =  1.0
	[957 ,  963]  =  1.0
	[958 ,  964]  =  1.0
	[959 ,  965]  =  1.0
	[960 ,  966]  =  1.0
	[961 ,  967]  =  1.0
	[962 ,  968]  =  1.0
	[963 ,  969]  =  1.0
	[964 ,  970]  =  1.0
	[965 ,  971]  =  1.0
	[966 ,  972]  =  1.0
	[967 ,  973]  =  1.0
	[970 ,  974]  =  1.0
	[971 ,  975]  =  1.0
	[737 ,  976]  =  -1.0
	[972 ,  976]  =  6.0238e-289
	[973 ,  977]  =  1.0
	[974 ,  978]  =  1.0
	[975 ,  979]  =  1.0
	[976 ,  980]  =  1.0
	[977 ,  981]  =  1.0
	[978 ,  982]  =  1.0
	[979 ,  983]  =  1.0
	[980 ,  984]  =  1.0
	[981 ,  985]  =  1.0
	[983 ,  986]  =  1.0
	[984 ,  987]  =  1.0
	[985 ,  988]  =  1.0
	[987 ,  989]  =  1.0
	[988 ,  990]  =  1.0
	[989 ,  991]  =  1.0
	[990 ,  992]  =  1.0
	[991 ,  993]  =  1.0
	[771 ,  994]  =  -1.0
	[992 ,  994]  =  2.41281e-289
	[993 ,  995]  =  1.0
	[390 ,  996]  =  -1.0
	[994 ,  996]  =  3.04539e-288
	[995 ,  997]  =  1.0
	[996 ,  998]  =  1.0
	[997 ,  999]  =  1.0
	[760 , 1000]  =  -1.0
	[998 , 1000]  =  1.41014e-289
[Finished in 3.822s]
