[Command: julia /Users/Caitlin/development/computeEig/powermethod.jl]
i = 66
dominantEigenvector =
	[42  ,    1]  =  1.8106e-8
	[56  ,    1]  =  2.68975e-8
	[292 ,    1]  =  5.05592e-13
	[298 ,    1]  =  1.0
	[332 ,    1]  =  3.33072e-13
	[493 ,    1]  =  6.90899e-13
	[503 ,    1]  =  9.74333e-14
	[544 ,    1]  =  1.48483e-12

  [298 ,  441]  =  1.0
  
sparse(allEigenvectors) =
	[1   ,    1]  =  1.0
	[826 ,    2]  =  1.0
	[2   ,    3]  =  1.23583e-289
	[826 ,    3]  =  -1.0
	[3   ,    4]  =  1.0
	[4   ,    5]  =  1.0
	[5   ,    6]  =  1.0
	[591 ,    7]  =  1.0
	[6   ,    8]  =  4.44409e-289
	[591 ,    8]  =  -1.0
	[7   ,    9]  =  1.0
	[8   ,   10]  =  1.0
	[9   ,   11]  =  1.0
	[10  ,   12]  =  1.0
	[11  ,   13]  =  1.0
	[782 ,   14]  =  1.0
	[12  ,   15]  =  2.29411e-289
	[782 ,   15]  =  -1.0
	[13  ,   16]  =  1.0
	[14  ,   17]  =  1.0
	[739 ,   18]  =  1.0
	[251 ,   19]  =  2.95495e-289
	[739 ,   19]  =  -1.0
	[251 ,   20]  =  -2.95495e-289
	[739 ,   20]  =  1.0
	[629 ,   21]  =  1.0
	[251 ,   22]  =  2.95495e-289
	[739 ,   22]  =  -1.0
	[16  ,   23]  =  1.0
	[17  ,   24]  =  1.0
	[379 ,   25]  =  1.0
	[18  ,   26]  =  1.77251e-288
	[379 ,   26]  =  -1.0
	[19  ,   27]  =  1.0
	[20  ,   28]  =  1.0
	[758 ,   29]  =  1.0
	[271 ,   30]  =  4.26832e-289
	[758 ,   30]  =  -1.0
	[10  ,   31]  =  -1.0
	[795 ,   31]  =  1.08736e-289
	[10  ,   32]  =  1.0
	[795 ,   32]  =  -1.08736e-289
	[10  ,   33]  =  -1.0
	[758 ,   33]  =  3.09308e-290
	[795 ,   33]  =  1.08736e-289
	[897 ,   34]  =  1.0
	[453 ,   35]  =  1.0
	[10  ,   36]  =  1.0
	[758 ,   36]  =  -3.09308e-290
	[795 ,   36]  =  -1.08736e-289
	[19  ,   37]  =  -1.0
	[22  ,   37]  =  1.53269e-289
	[23  ,   38]  =  1.0
	[24  ,   39]  =  1.0
	[710 ,   40]  =  1.0
	[25  ,   41]  =  1.55591e-289
	[710 ,   41]  =  -1.0
	[26  ,   42]  =  1.0
	[27  ,   43]  =  1.0
	[838 ,   44]  =  1.0
	[28  ,   45]  =  1.18574e-289
	[838 ,   45]  =  -1.0
	[564 ,   46]  =  1.0
	[29  ,   47]  =  3.56185e-288
	[564 ,   47]  =  -1.0
	[30  ,   48]  =  1.0
	[31  ,   49]  =  1.0
	[32  ,   50]  =  1.0
	[34  ,   51]  =  1.0
	[486 ,   52]  =  1.0
	[768 ,   53]  =  1.0
	[345 ,   54]  =  1.53107e-289
	[768 ,   54]  =  -1.0
	[486 ,   55]  =  -1.0
	[572 ,   55]  =  4.68559e-289
	[34  ,   56]  =  -3.44818e-289
	[486 ,   56]  =  1.0
	[572 ,   56]  =  -4.68559e-289
	[34  ,   57]  =  3.44818e-289
	[486 ,   57]  =  -1.0
	[572 ,   57]  =  4.68559e-289
	[842 ,   58]  =  1.0
	[473 ,   59]  =  1.0
	[842 ,   60]  =  -1.0
	[962 ,   60]  =  1.56053e-289
	[34  ,   61]  =  -3.44818e-289
	[486 ,   61]  =  1.0
	[572 ,   61]  =  -4.68559e-289
	[34  ,   62]  =  3.44818e-289
	[486 ,   62]  =  -1.0
	[572 ,   62]  =  4.68559e-289
	[34  ,   63]  =  -3.44818e-289
	[486 ,   63]  =  1.0
	[572 ,   63]  =  -4.68559e-289
	[903 ,   64]  =  1.0
	[35  ,   65]  =  3.62668e-289
	[903 ,   65]  =  -1.0
	[823 ,   66]  =  1.0
	[36  ,   67]  =  3.31335e-289
	[823 ,   67]  =  -1.0
	[577 ,   68]  =  1.0
	[37  ,   69]  =  1.38771e-289
	[577 ,   69]  =  -1.0
	[318 ,   70]  =  1.0
	[533 ,   71]  =  1.0
	[38  ,   72]  =  7.57045e-290
	[318 ,   72]  =  -0.682207
	[533 ,   72]  =  -0.731159
	[39  ,   73]  =  1.0
	[291 ,   74]  =  1.0
	[40  ,   75]  =  1.60902e-289
	[291 ,   75]  =  -1.0
	[41  ,   76]  =  1.0
	[42  ,   77]  =  1.0
	[43  ,   78]  =  1.0
	[447 ,   79]  =  1.0
	[44  ,   80]  =  1.27044e-289
	[447 ,   80]  =  -1.0
	[353 ,   81]  =  1.0
	[45  ,   82]  =  1.41628e-289
	[353 ,   82]  =  -1.0
	[46  ,   83]  =  1.0
	[47  ,   84]  =  1.0
	[48  ,   85]  =  1.0
	[49  ,   86]  =  1.0
	[508 ,   87]  =  1.0
	[50  ,   88]  =  1.15104e-289
	[508 ,   88]  =  -1.0
	[51  ,   89]  =  1.0
	[52  ,   90]  =  1.0
	[565 ,   91]  =  1.0
	[125 ,   92]  =  1.0
	[53  ,   93]  =  1.2057e-289
	[125 ,   93]  =  -0.857806
	[565 ,   93]  =  -0.513974
	[54  ,   94]  =  1.0
	[55  ,   95]  =  2.95698e-289
	[782 ,   95]  =  -1.0
	[42  ,   96]  =  0.558416
	[56  ,   96]  =  0.829561
	[694 ,   97]  =  1.0
	[23  ,   98]  =  -1.0
	[687 ,   98]  =  3.54163e-289
	[23  ,   99]  =  1.0
	[687 ,   99]  =  -3.54163e-289
	[694 ,   99]  =  -4.77442e-289
	[58  ,  100]  =  1.0
	[59  ,  101]  =  1.0
	[60  ,  102]  =  1.0
	[61  ,  103]  =  1.0
	[190 ,  104]  =  1.0
	[62  ,  105]  =  1.84948e-289
	[190 ,  105]  =  -1.0
	[63  ,  106]  =  1.0
	[439 ,  107]  =  1.0
	[670 ,  108]  =  1.0
	[938 ,  109]  =  1.0
	[450 ,  110]  =  1.0
	[9   ,  111]  =  -1.0
	[100 ,  111]  =  8.56515e-289
	[9   ,  112]  =  1.0
	[100 ,  112]  =  -8.56515e-289
	[9   ,  113]  =  -1.0
	[100 ,  113]  =  8.56515e-289
	[9   ,  114]  =  1.0
	[100 ,  114]  =  -8.56515e-289
	[9   ,  115]  =  -1.0
	[100 ,  115]  =  8.56515e-289
	[65  ,  116]  =  1.0
	[66  ,  117]  =  1.0
	[67  ,  118]  =  1.0
	[68  ,  119]  =  1.0
	[69  ,  120]  =  1.0
	[555 ,  121]  =  1.0
	[70  ,  122]  =  3.71857e-289
	[555 ,  122]  =  -1.0
	[71  ,  123]  =  1.0
	[950 ,  124]  =  1.0
	[950 ,  125]  =  -1.0
	[956 ,  125]  =  3.38087e-288
	[950 ,  126]  =  1.0
	[956 ,  126]  =  -3.38087e-288
	[73  ,  127]  =  1.0
	[975 ,  128]  =  1.0
	[74  ,  129]  =  1.51716e-289
	[975 ,  129]  =  -1.0
	[75  ,  130]  =  1.0
	[731 ,  131]  =  1.0
	[797 ,  132]  =  1.0
	[77  ,  133]  =  1.16325e-289
	[731 ,  133]  =  -0.554886
	[797 ,  133]  =  -0.831927
	[78  ,  134]  =  1.0
	[79  ,  135]  =  1.0
	[80  ,  136]  =  1.0
	[81  ,  137]  =  1.0
	[82  ,  138]  =  1.0
	[83  ,  139]  =  1.0
	[1   ,  140]  =  -1.0
	[84  ,  140]  =  6.037e-289
	[85  ,  141]  =  1.0
	[86  ,  142]  =  1.0
	[87  ,  143]  =  1.26449e-288
	[353 ,  143]  =  -1.0
	[88  ,  144]  =  1.0
	[192 ,  145]  =  1.0
	[192 ,  146]  =  -1.0
	[537 ,  146]  =  2.6795e-289
	[34  ,  147]  =  3.44818e-289
	[486 ,  147]  =  -1.0
	[572 ,  147]  =  4.68559e-289
	[90  ,  148]  =  1.0
	[91  ,  149]  =  1.0
	[347 ,  150]  =  1.0
	[92  ,  151]  =  2.00033e-289
	[347 ,  151]  =  -1.0
	[93  ,  152]  =  1.0
	[94  ,  153]  =  1.0
	[95  ,  154]  =  1.4292e-289
	[823 ,  154]  =  -1.0
	[96  ,  155]  =  1.0
	[97  ,  156]  =  1.0
	[98  ,  157]  =  1.0
	[99  ,  158]  =  1.0
	[101 ,  159]  =  1.0
	[102 ,  160]  =  1.0
	[103 ,  161]  =  1.0
	[104 ,  162]  =  1.0
	[105 ,  163]  =  1.0
	[106 ,  164]  =  1.0
	[107 ,  165]  =  1.0
	[108 ,  166]  =  1.0
	[110 ,  167]  =  1.0
	[111 ,  168]  =  1.0
	[1   ,  169]  =  1.0
	[84  ,  169]  =  -6.037e-289
	[114 ,  170]  =  1.0
	[729 ,  171]  =  1.0
	[519 ,  172]  =  1.0
	[598 ,  173]  =  1.0
	[423 ,  174]  =  3.73581e-288
	[598 ,  174]  =  -1.0
	[423 ,  175]  =  -3.73581e-288
	[598 ,  175]  =  1.0
	[672 ,  176]  =  1.0
	[423 ,  177]  =  3.73581e-288
	[598 ,  177]  =  -1.0
	[423 ,  178]  =  -3.73581e-288
	[598 ,  178]  =  1.0
	[423 ,  179]  =  3.73581e-288
	[598 ,  179]  =  -1.0
	[423 ,  180]  =  -3.73581e-288
	[598 ,  180]  =  1.0
	[423 ,  181]  =  3.73581e-288
	[598 ,  181]  =  -1.0
	[423 ,  182]  =  -3.73581e-288
	[598 ,  182]  =  1.0
	[116 ,  183]  =  1.0
	[117 ,  184]  =  1.0
	[135 ,  185]  =  1.0
	[135 ,  186]  =  -1.0
	[339 ,  186]  =  1.29628e-289
	[135 ,  187]  =  1.0
	[339 ,  187]  =  -1.29628e-289
	[135 ,  188]  =  -1.0
	[339 ,  188]  =  1.29628e-289
	[635 ,  189]  =  1.0
	[214 ,  190]  =  1.0
	[873 ,  191]  =  1.0
	[214 ,  192]  =  -1.0
	[391 ,  192]  =  1.46757e-289
	[873 ,  193]  =  -1.0
	[926 ,  193]  =  8.13743e-289
	[214 ,  194]  =  0.945843
	[391 ,  194]  =  -1.38809e-289
	[873 ,  194]  =  0.324624
	[926 ,  194]  =  -2.6416e-289
	[749 ,  195]  =  1.0
	[214 ,  196]  =  -0.945843
	[391 ,  196]  =  1.38809e-289
	[873 ,  196]  =  -0.324624
	[926 ,  196]  =  2.6416e-289
	[120 ,  197]  =  1.0
	[121 ,  198]  =  1.0
	[221 ,  199]  =  1.0
	[122 ,  200]  =  1.42626e-289
	[221 ,  200]  =  -1.0
	[809 ,  201]  =  1.0
	[333 ,  202]  =  1.57465e-289
	[809 ,  202]  =  -1.0
	[333 ,  203]  =  -1.57465e-289
	[809 ,  203]  =  1.0
	[983 ,  204]  =  1.0
	[124 ,  205]  =  1.3541e-289
	[983 ,  205]  =  -1.0
	[543 ,  206]  =  1.0
	[126 ,  207]  =  3.38436e-289
	[543 ,  207]  =  -1.0
	[127 ,  208]  =  1.0
	[126 ,  209]  =  -3.38436e-289
	[543 ,  209]  =  1.0
	[442 ,  210]  =  1.0
	[129 ,  211]  =  1.48855e-289
	[442 ,  211]  =  -1.0
	[130 ,  212]  =  1.0
	[131 ,  213]  =  1.0
	[132 ,  214]  =  1.0
	[133 ,  215]  =  1.0
	[736 ,  216]  =  1.0
	[28  ,  217]  =  -1.18574e-289
	[838 ,  217]  =  1.0
	[477 ,  218]  =  1.0
	[28  ,  219]  =  1.18574e-289
	[838 ,  219]  =  -1.0
	[612 ,  220]  =  1.0
	[28  ,  221]  =  -1.18574e-289
	[838 ,  221]  =  1.0
	[905 ,  222]  =  1.0
	[291 ,  223]  =  -0.848159
	[335 ,  223]  =  1.32542e-289
	[905 ,  223]  =  -0.529743
	[291 ,  224]  =  0.848159
	[335 ,  224]  =  -1.32542e-289
	[905 ,  224]  =  0.529743
	[291 ,  225]  =  -0.848159
	[335 ,  225]  =  1.32542e-289
	[905 ,  225]  =  -0.529743
	[214 ,  226]  =  -0.945843
	[391 ,  226]  =  1.38809e-289
	[873 ,  226]  =  -0.324624
	[926 ,  226]  =  2.6416e-289
	[137 ,  227]  =  1.0
	[139 ,  228]  =  1.0
	[140 ,  229]  =  1.0
	[102 ,  230]  =  -1.0
	[141 ,  230]  =  2.40653e-289
	[142 ,  231]  =  1.0
	[291 ,  232]  =  0.848159
	[335 ,  232]  =  -1.32542e-289
	[905 ,  232]  =  0.529743
	[47  ,  233]  =  -1.0
	[846 ,  233]  =  2.49215e-289
	[47  ,  234]  =  1.0
	[846 ,  234]  =  -2.49215e-289
	[145 ,  235]  =  1.0
	[146 ,  236]  =  1.0
	[514 ,  237]  =  1.0
	[147 ,  238]  =  1.21852e-289
	[514 ,  238]  =  -1.0
	[148 ,  239]  =  1.0
	[465 ,  240]  =  1.0
	[188 ,  241]  =  1.4509e-289
	[465 ,  241]  =  -1.0
	[188 ,  242]  =  -1.4509e-289
	[465 ,  242]  =  1.0
	[615 ,  243]  =  1.0
	[615 ,  244]  =  -1.0
	[904 ,  244]  =  1.71199e-289
	[615 ,  245]  =  1.0
	[904 ,  245]  =  -1.71199e-289
	[615 ,  246]  =  -1.0
	[904 ,  246]  =  1.71199e-289
	[777 ,  247]  =  1.0
	[151 ,  248]  =  7.99794e-289
	[777 ,  248]  =  -1.0
	[152 ,  249]  =  1.0
	[153 ,  250]  =  1.0
	[210 ,  251]  =  1.0
	[210 ,  252]  =  -1.0
	[217 ,  252]  =  1.97465e-289
	[210 ,  253]  =  1.0
	[217 ,  253]  =  -1.97465e-289
	[155 ,  254]  =  1.58582e-289
	[710 ,  254]  =  -1.0
	[156 ,  255]  =  1.0
	[157 ,  256]  =  1.0
	[158 ,  257]  =  1.0
	[159 ,  258]  =  1.0
	[871 ,  259]  =  1.0
	[547 ,  260]  =  1.0
	[547 ,  261]  =  -1.0
	[822 ,  261]  =  1.89613e-289
	[547 ,  262]  =  1.0
	[822 ,  262]  =  -1.89613e-289
	[871 ,  262]  =  -4.50331e-288
	[587 ,  263]  =  1.0
	[289 ,  264]  =  2.00485e-289
	[587 ,  264]  =  -1.0
	[289 ,  265]  =  -2.00485e-289
	[587 ,  265]  =  1.0
	[945 ,  266]  =  1.0
	[162 ,  267]  =  1.30483e-289
	[945 ,  267]  =  -1.0
	[163 ,  268]  =  1.0
	[164 ,  269]  =  1.0
	[676 ,  270]  =  1.0
	[461 ,  271]  =  6.02129e-289
	[676 ,  271]  =  -1.0
	[461 ,  272]  =  -6.02129e-289
	[676 ,  272]  =  1.0
	[166 ,  273]  =  1.0
	[29  ,  274]  =  -3.56185e-288
	[564 ,  274]  =  1.0
	[426 ,  275]  =  1.0
	[606 ,  276]  =  1.0
	[423 ,  277]  =  -3.73581e-288
	[598 ,  277]  =  1.0
	[326 ,  278]  =  1.0
	[326 ,  279]  =  -1.0
	[893 ,  279]  =  1.59547e-289
	[423 ,  280]  =  3.73581e-288
	[598 ,  280]  =  -1.0
	[169 ,  281]  =  1.0
	[170 ,  282]  =  1.0
	[438 ,  283]  =  1.0
	[171 ,  284]  =  1.11268e-289
	[438 ,  284]  =  -1.0
	[530 ,  285]  =  1.0
	[172 ,  286]  =  1.71216e-289
	[530 ,  286]  =  -1.0
	[173 ,  287]  =  1.0
	[97  ,  288]  =  -1.0
	[174 ,  288]  =  1.90873e-289
	[175 ,  289]  =  1.0
	[176 ,  290]  =  1.0
	[177 ,  291]  =  1.0
	[179 ,  292]  =  1.0
	[180 ,  293]  =  1.0
	[181 ,  294]  =  1.0
	[732 ,  295]  =  1.0
	[182 ,  296]  =  1.0594e-289
	[732 ,  296]  =  -1.0
	[183 ,  297]  =  1.0
	[184 ,  298]  =  1.0
	[185 ,  299]  =  1.0
	[186 ,  300]  =  1.0
	[615 ,  301]  =  1.0
	[904 ,  301]  =  -1.71199e-289
	[814 ,  302]  =  1.0
	[257 ,  303]  =  2.38845e-289
	[814 ,  303]  =  -1.0
	[627 ,  304]  =  1.0
	[257 ,  305]  =  -2.38845e-289
	[627 ,  305]  =  -1.23403e-288
	[814 ,  305]  =  1.0
	[257 ,  306]  =  2.38845e-289
	[627 ,  306]  =  1.23403e-288
	[814 ,  306]  =  -1.0
	[191 ,  307]  =  1.0
	[193 ,  308]  =  1.0
	[135 ,  309]  =  -1.0
	[339 ,  309]  =  1.29628e-289
	[195 ,  310]  =  1.0
	[196 ,  311]  =  1.0
	[197 ,  312]  =  1.0
	[198 ,  313]  =  1.0
	[199 ,  314]  =  1.0
	[200 ,  315]  =  1.0
	[201 ,  316]  =  1.0
	[202 ,  317]  =  1.0
	[29  ,  318]  =  3.56185e-288
	[564 ,  318]  =  -1.0
	[29  ,  319]  =  -3.56185e-288
	[564 ,  319]  =  1.0
	[183 ,  320]  =  -1.0
	[723 ,  320]  =  1.61957e-288
	[595 ,  321]  =  1.0
	[183 ,  322]  =  1.0
	[723 ,  322]  =  -1.61957e-288
	[183 ,  323]  =  -1.0
	[723 ,  323]  =  1.61957e-288
	[183 ,  324]  =  1.0
	[723 ,  324]  =  -1.61957e-288
	[205 ,  325]  =  1.0
	[207 ,  326]  =  1.0
	[208 ,  327]  =  1.0
	[209 ,  328]  =  1.0
	[211 ,  329]  =  1.0
	[212 ,  330]  =  1.0
	[213 ,  331]  =  1.0
	[215 ,  332]  =  1.0
	[404 ,  333]  =  1.0
	[404 ,  334]  =  -1.0
	[979 ,  334]  =  1.05932e-289
	[404 ,  335]  =  1.0
	[979 ,  335]  =  -1.05932e-289
	[218 ,  336]  =  1.0
	[251 ,  337]  =  2.95495e-289
	[739 ,  337]  =  -1.0
	[251 ,  338]  =  -2.95495e-289
	[739 ,  338]  =  1.0
	[251 ,  339]  =  2.95495e-289
	[739 ,  339]  =  -1.0
	[875 ,  340]  =  1.0
	[183 ,  341]  =  -0.577997
	[220 ,  341]  =  1.89303e-289
	[875 ,  341]  =  -0.816039
	[222 ,  342]  =  1.0
	[223 ,  343]  =  1.0
	[854 ,  344]  =  1.0
	[306 ,  345]  =  1.0
	[224 ,  346]  =  8.56903e-290
	[306 ,  346]  =  -0.530815
	[854 ,  346]  =  -0.847488
	[225 ,  347]  =  1.0
	[226 ,  348]  =  1.0
	[299 ,  349]  =  1.0
	[423 ,  350]  =  -3.73581e-288
	[598 ,  350]  =  1.0
	[228 ,  351]  =  1.0
	[523 ,  352]  =  1.0
	[848 ,  353]  =  1.0
	[439 ,  354]  =  -0.606027
	[467 ,  354]  =  5.12289e-289
	[523 ,  354]  =  -0.795444
	[439 ,  355]  =  0.606027
	[467 ,  355]  =  -5.12289e-289
	[523 ,  355]  =  0.795444
	[848 ,  355]  =  -3.35298e-289
	[649 ,  356]  =  1.0
	[34  ,  357]  =  -0.48327
	[230 ,  357]  =  2.14133e-289
	[649 ,  357]  =  -0.875471
	[202 ,  358]  =  -1.0
	[231 ,  358]  =  1.11934e-289
	[293 ,  359]  =  1.0
	[232 ,  360]  =  1.19826e-289
	[293 ,  360]  =  -1.0
	[233 ,  361]  =  1.0
	[234 ,  362]  =  1.0
	[235 ,  363]  =  1.0
	[439 ,  364]  =  0.606027
	[467 ,  364]  =  -5.12289e-289
	[523 ,  364]  =  0.795444
	[237 ,  365]  =  1.0
	[238 ,  366]  =  1.0
	[642 ,  367]  =  1.0
	[196 ,  368]  =  -0.679233
	[239 ,  368]  =  1.21421e-289
	[642 ,  368]  =  -0.733923
	[240 ,  369]  =  1.0
	[241 ,  370]  =  4.75021e-289
	[299 ,  370]  =  -1.0
	[340 ,  371]  =  1.0
	[242 ,  372]  =  1.35961e-288
	[340 ,  372]  =  -1.0
	[158 ,  373]  =  -1.0
	[243 ,  373]  =  6.62538e-288
	[244 ,  374]  =  5.4579e-289
	[477 ,  374]  =  -1.0
	[245 ,  375]  =  1.0
	[527 ,  376]  =  1.0
	[246 ,  377]  =  1.14298e-289
	[527 ,  377]  =  -1.0
	[247 ,  378]  =  1.0
	[423 ,  379]  =  -3.73581e-288
	[598 ,  379]  =  1.0
	[249 ,  380]  =  1.0
	[451 ,  381]  =  1.0
	[451 ,  382]  =  -1.0
	[688 ,  382]  =  1.94869e-289
	[34  ,  383]  =  0.255257
	[230 ,  383]  =  -1.13103e-289
	[451 ,  383]  =  0.849128
	[649 ,  383]  =  0.462413
	[688 ,  383]  =  -1.65469e-289
	[126 ,  384]  =  3.38436e-289
	[543 ,  384]  =  -1.0
	[590 ,  385]  =  1.0
	[253 ,  386]  =  1.41849e-289
	[590 ,  386]  =  -1.0
	[19  ,  387]  =  1.0
	[22  ,  387]  =  -1.53269e-289
	[255 ,  388]  =  1.0
	[256 ,  389]  =  1.0
	[258 ,  390]  =  1.0
	[259 ,  391]  =  1.31219e-289
	[635 ,  391]  =  -1.0
	[260 ,  392]  =  1.0
	[261 ,  393]  =  1.0
	[28  ,  394]  =  1.18574e-289
	[838 ,  394]  =  -1.0
	[433 ,  395]  =  1.0
	[263 ,  396]  =  3.48621e-289
	[433 ,  396]  =  -1.0
	[264 ,  397]  =  1.0
	[265 ,  398]  =  1.0
	[266 ,  399]  =  1.0
	[267 ,  400]  =  1.11655e-289
	[606 ,  400]  =  -1.0
	[2   ,  401]  =  -1.23583e-289
	[826 ,  401]  =  1.0
	[269 ,  402]  =  1.0
	[270 ,  403]  =  1.30754e-289
	[873 ,  403]  =  -1.0
	[988 ,  404]  =  1.0
	[272 ,  405]  =  6.73756e-289
	[988 ,  405]  =  -1.0
	[273 ,  406]  =  1.0
	[274 ,  407]  =  1.0
	[275 ,  408]  =  1.0
	[847 ,  409]  =  1.0
	[276 ,  410]  =  7.01352e-288
	[847 ,  410]  =  -1.0
	[71  ,  411]  =  -0.534657
	[277 ,  411]  =  8.67356e-290
	[847 ,  411]  =  -0.845069
	[561 ,  412]  =  1.0
	[273 ,  413]  =  -0.666246
	[278 ,  413]  =  1.7581e-289
	[561 ,  413]  =  -0.745732
	[324 ,  414]  =  1.0
	[324 ,  415]  =  -1.0
	[991 ,  415]  =  2.75096e-289
	[324 ,  416]  =  1.0
	[991 ,  416]  =  -2.75096e-289
	[324 ,  417]  =  -1.0
	[991 ,  417]  =  2.75096e-289
	[324 ,  418]  =  1.0
	[991 ,  418]  =  -2.75096e-289
	[324 ,  419]  =  -1.0
	[991 ,  419]  =  2.75096e-289
	[852 ,  420]  =  1.0
	[280 ,  421]  =  1.05118e-289
	[852 ,  421]  =  -1.0
	[281 ,  422]  =  1.0
	[282 ,  423]  =  1.0
	[283 ,  424]  =  1.0
	[284 ,  425]  =  1.0
	[286 ,  426]  =  1.0
	[287 ,  427]  =  1.0
	[288 ,  428]  =  1.0
	[290 ,  429]  =  1.0
	[544 ,  430]  =  1.0
	[493 ,  431]  =  1.13024e-289
	[544 ,  431]  =  -1.0
	[493 ,  432]  =  -1.13024e-289
	[544 ,  432]  =  1.0
	[503 ,  433]  =  1.0
	[292 ,  434]  =  0.289117
	[332 ,  434]  =  0.190463
	[493 ,  434]  =  0.395083
	[503 ,  434]  =  0.0557162
	[544 ,  434]  =  0.849082
	[294 ,  435]  =  1.0
	[482 ,  436]  =  1.0
	[55  ,  437]  =  -2.95698e-289
	[782 ,  437]  =  1.0
	[55  ,  438]  =  2.95698e-289
	[782 ,  438]  =  -1.0
	[296 ,  439]  =  1.0
	[423 ,  440]  =  3.73581e-288
	[598 ,  440]  =  -1.0
	[298 ,  441]  =  1.0
	[300 ,  442]  =  1.0
	[301 ,  443]  =  1.0
	[302 ,  444]  =  1.0
	[303 ,  445]  =  1.0
	[304 ,  446]  =  1.0
	[305 ,  447]  =  1.0
	[307 ,  448]  =  1.0
	[308 ,  449]  =  1.0
	[151 ,  450]  =  -7.99794e-289
	[777 ,  450]  =  1.0
	[276 ,  451]  =  -7.01352e-288
	[847 ,  451]  =  1.0
	[875 ,  451]  =  -3.74324e-288
	[656 ,  452]  =  1.0
	[656 ,  453]  =  -1.0
	[707 ,  453]  =  2.71002e-289
	[656 ,  454]  =  1.0
	[707 ,  454]  =  -2.71002e-289
	[312 ,  455]  =  1.0
	[313 ,  456]  =  1.0
	[162 ,  457]  =  -1.30483e-289
	[945 ,  457]  =  1.0
	[415 ,  458]  =  1.0
	[415 ,  459]  =  -1.0
	[617 ,  459]  =  1.74309e-288
	[415 ,  460]  =  1.0
	[617 ,  460]  =  -1.74309e-288
	[847 ,  460]  =  -1.41377e-288
	[702 ,  461]  =  1.0
	[415 ,  462]  =  -1.0
	[617 ,  462]  =  1.74309e-288
	[847 ,  462]  =  1.41377e-288
	[599 ,  463]  =  1.0
	[316 ,  464]  =  4.38722e-289
	[599 ,  464]  =  -1.0
	[317 ,  465]  =  1.0
	[319 ,  466]  =  1.0
	[455 ,  467]  =  1.0
	[320 ,  468]  =  3.8307e-289
	[455 ,  468]  =  -1.0
	[321 ,  469]  =  1.0
	[322 ,  470]  =  1.0
	[996 ,  471]  =  1.0
	[323 ,  472]  =  1.55241e-289
	[996 ,  472]  =  -1.0
	[325 ,  473]  =  1.0
	[327 ,  474]  =  1.0
	[328 ,  475]  =  1.0
	[329 ,  476]  =  1.57374e-289
	[404 ,  476]  =  -1.0
	[98  ,  477]  =  -1.0
	[330 ,  477]  =  1.02416e-289
	[395 ,  478]  =  1.0
	[331 ,  479]  =  2.1294e-288
	[395 ,  479]  =  -1.0
	[334 ,  480]  =  1.0
	[402 ,  481]  =  1.0
	[415 ,  482]  =  1.0
	[617 ,  482]  =  -1.74309e-288
	[847 ,  482]  =  -1.41377e-288
	[337 ,  483]  =  1.0
	[338 ,  484]  =  1.0
	[341 ,  485]  =  1.0
	[342 ,  486]  =  1.0
	[344 ,  487]  =  1.0
	[146 ,  488]  =  -1.0
	[346 ,  488]  =  1.05091e-289
	[496 ,  489]  =  6.07339e-289
	[547 ,  489]  =  -1.0
	[496 ,  490]  =  -6.07339e-289
	[547 ,  490]  =  1.0
	[349 ,  491]  =  1.0
	[350 ,  492]  =  1.0
	[19  ,  493]  =  -1.0
	[22  ,  493]  =  1.53269e-289
	[352 ,  494]  =  3.79855e-289
	[782 ,  494]  =  -1.0
	[354 ,  495]  =  1.0
	[355 ,  496]  =  1.0
	[356 ,  497]  =  1.0
	[357 ,  498]  =  1.0
	[423 ,  499]  =  3.73581e-288
	[598 ,  499]  =  -1.0
	[359 ,  500]  =  1.0
	[507 ,  501]  =  1.0
	[360 ,  502]  =  1.17753e-289
	[507 ,  502]  =  -1.0
	[249 ,  503]  =  -1.0
	[705 ,  503]  =  1.63762e-289
	[850 ,  504]  =  1.0
	[249 ,  505]  =  1.0
	[705 ,  505]  =  -1.63762e-289
	[850 ,  505]  =  -2.97969e-288
	[249 ,  506]  =  -1.0
	[705 ,  506]  =  1.63762e-289
	[850 ,  506]  =  2.97969e-288
	[249 ,  507]  =  1.0
	[705 ,  507]  =  -1.63762e-289
	[850 ,  507]  =  -2.97969e-288
	[363 ,  508]  =  1.0
	[801 ,  509]  =  1.0
	[656 ,  510]  =  1.0
	[707 ,  510]  =  -2.71002e-289
	[801 ,  510]  =  -6.16411e-289
	[656 ,  511]  =  -1.0
	[707 ,  511]  =  2.71002e-289
	[801 ,  511]  =  6.16411e-289
	[365 ,  512]  =  1.0
	[366 ,  513]  =  1.0
	[367 ,  514]  =  1.0
	[368 ,  515]  =  1.0
	[679 ,  516]  =  4.82079e-289
	[847 ,  516]  =  -1.0
	[218 ,  517]  =  -5.97287e-290
	[679 ,  517]  =  -4.82079e-289
	[847 ,  517]  =  1.0
	[166 ,  518]  =  -1.0
	[370 ,  518]  =  2.15162e-288
	[371 ,  519]  =  1.0
	[372 ,  520]  =  1.0
	[373 ,  521]  =  1.0
	[374 ,  522]  =  1.0
	[334 ,  523]  =  -1.0
	[375 ,  523]  =  1.85003e-289
	[984 ,  524]  =  1.0
	[376 ,  525]  =  3.259e-289
	[984 ,  525]  =  -1.0
	[166 ,  526]  =  1.0
	[370 ,  526]  =  -2.15162e-288
	[83  ,  527]  =  -1.0
	[643 ,  527]  =  1.42362e-289
	[83  ,  528]  =  1.0
	[643 ,  528]  =  -1.42362e-289
	[83  ,  529]  =  -1.0
	[643 ,  529]  =  1.42362e-289
	[380 ,  530]  =  1.0
	[381 ,  531]  =  1.0
	[382 ,  532]  =  1.0
	[383 ,  533]  =  1.0
	[384 ,  534]  =  1.0
	[385 ,  535]  =  1.0
	[386 ,  536]  =  1.0
	[387 ,  537]  =  1.0
	[388 ,  538]  =  1.0
	[389 ,  539]  =  1.209e-289
	[433 ,  539]  =  -1.0
	[390 ,  540]  =  1.0
	[392 ,  541]  =  1.0
	[800 ,  542]  =  1.0
	[393 ,  543]  =  3.90675e-289
	[800 ,  543]  =  -1.0
	[333 ,  544]  =  -1.57465e-289
	[809 ,  544]  =  1.0
	[333 ,  545]  =  1.57465e-289
	[809 ,  545]  =  -1.0
	[333 ,  546]  =  -1.57465e-289
	[809 ,  546]  =  1.0
	[396 ,  547]  =  1.0
	[28  ,  548]  =  1.18574e-289
	[838 ,  548]  =  -1.0
	[398 ,  549]  =  1.0
	[415 ,  550]  =  -1.0
	[617 ,  550]  =  1.74309e-288
	[847 ,  550]  =  1.41377e-288
	[415 ,  551]  =  1.0
	[617 ,  551]  =  -1.74309e-288
	[847 ,  551]  =  -1.41377e-288
	[584 ,  552]  =  1.0
	[584 ,  553]  =  -1.0
	[645 ,  553]  =  1.19953e-289
	[584 ,  554]  =  1.0
	[645 ,  554]  =  -1.19953e-289
	[401 ,  555]  =  1.0
	[403 ,  556]  =  1.0
	[405 ,  557]  =  1.0
	[132 ,  558]  =  -1.0
	[913 ,  558]  =  4.11942e-289
	[132 ,  559]  =  1.0
	[913 ,  559]  =  -4.11942e-289
	[132 ,  560]  =  -1.92554e-290
	[291 ,  560]  =  0.848159
	[335 ,  560]  =  -1.32542e-289
	[905 ,  560]  =  0.529743
	[132 ,  561]  =  1.92554e-290
	[291 ,  561]  =  -0.848159
	[335 ,  561]  =  1.32542e-289
	[905 ,  561]  =  -0.529743
	[132 ,  562]  =  -1.92554e-290
	[291 ,  562]  =  0.848159
	[335 ,  562]  =  -1.32542e-289
	[905 ,  562]  =  0.529743
	[10  ,  563]  =  1.0
	[403 ,  563]  =  -1.86672e-289
	[795 ,  563]  =  -1.08736e-289
	[10  ,  564]  =  -1.0
	[403 ,  564]  =  1.86672e-289
	[795 ,  564]  =  1.08736e-289
	[410 ,  565]  =  1.0
	[411 ,  566]  =  1.0
	[412 ,  567]  =  1.0
	[413 ,  568]  =  1.0
	[414 ,  569]  =  1.0
	[416 ,  570]  =  1.0
	[417 ,  571]  =  1.0
	[419 ,  572]  =  1.0
	[420 ,  573]  =  1.0
	[251 ,  574]  =  -2.95495e-289
	[739 ,  574]  =  1.0
	[245 ,  575]  =  -0.0762959
	[422 ,  575]  =  1.09518e-289
	[451 ,  575]  =  -0.997085
	[424 ,  576]  =  1.0
	[425 ,  577]  =  1.0
	[44  ,  578]  =  -1.27044e-289
	[447 ,  578]  =  1.0
	[710 ,  578]  =  -1.58743e-287
	[428 ,  579]  =  1.0
	[429 ,  580]  =  1.0
	[928 ,  581]  =  1.0
	[430 ,  582]  =  2.45855e-289
	[928 ,  582]  =  -1.0
	[431 ,  583]  =  1.0
	[432 ,  584]  =  1.0
	[605 ,  585]  =  1.0
	[434 ,  586]  =  2.08818e-289
	[605 ,  586]  =  -1.0
	[479 ,  587]  =  1.0
	[435 ,  588]  =  1.32937e-289
	[479 ,  588]  =  -1.0
	[437 ,  589]  =  1.0
	[440 ,  590]  =  1.0
	[441 ,  591]  =  1.0
	[443 ,  592]  =  1.0
	[444 ,  593]  =  3.49882e-288
	[514 ,  593]  =  -1.0
	[445 ,  594]  =  1.0
	[602 ,  595]  =  1.0
	[7   ,  596]  =  -0.361903
	[446 ,  596]  =  1.8134e-289
	[602 ,  596]  =  -0.932216
	[824 ,  597]  =  1.0
	[300 ,  598]  =  -0.205612
	[448 ,  598]  =  9.92121e-290
	[824 ,  598]  =  -0.978634
	[449 ,  599]  =  1.0
	[863 ,  600]  =  1.0
	[452 ,  601]  =  2.23244e-289
	[863 ,  601]  =  -1.0
	[454 ,  602]  =  1.0
	[146 ,  603]  =  1.0
	[346 ,  603]  =  -1.05091e-289
	[994 ,  604]  =  1.0
	[146 ,  605]  =  -1.0
	[346 ,  605]  =  1.05091e-289
	[271 ,  606]  =  -4.26832e-289
	[355 ,  606]  =  -2.52472e-289
	[758 ,  606]  =  1.0
	[28  ,  607]  =  1.18574e-289
	[838 ,  607]  =  -1.0
	[28  ,  608]  =  -1.18574e-289
	[838 ,  608]  =  1.0
	[460 ,  609]  =  1.0
	[462 ,  610]  =  1.0
	[208 ,  611]  =  -1.0
	[783 ,  611]  =  5.22997e-289
	[208 ,  612]  =  1.0
	[783 ,  612]  =  -5.22997e-289
	[737 ,  613]  =  1.0
	[466 ,  614]  =  1.31765e-289
	[737 ,  614]  =  -1.0
	[468 ,  615]  =  1.0
	[470 ,  616]  =  1.0
	[471 ,  617]  =  1.0
	[472 ,  618]  =  1.0
	[183 ,  619]  =  -1.0
	[723 ,  619]  =  1.61957e-288
	[475 ,  620]  =  1.0
	[476 ,  621]  =  1.0
	[478 ,  622]  =  1.0
	[480 ,  623]  =  1.0
	[622 ,  624]  =  1.0
	[481 ,  625]  =  2.98893e-289
	[622 ,  625]  =  -1.0
	[483 ,  626]  =  1.0
	[484 ,  627]  =  1.0
	[613 ,  628]  =  1.0
	[487 ,  629]  =  3.29835e-288
	[613 ,  629]  =  -1.0
	[488 ,  630]  =  1.0
	[114 ,  631]  =  -0.426584
	[489 ,  631]  =  1.79428e-289
	[629 ,  631]  =  -0.904448
	[490 ,  632]  =  1.0
	[491 ,  633]  =  1.0
	[38  ,  634]  =  -7.57045e-290
	[318 ,  634]  =  0.682207
	[533 ,  634]  =  0.731159
	[58  ,  635]  =  -1.0
	[495 ,  635]  =  3.31581e-289
	[497 ,  636]  =  1.0
	[647 ,  637]  =  1.0
	[498 ,  638]  =  1.52871e-289
	[647 ,  638]  =  -1.0
	[499 ,  639]  =  1.0
	[505 ,  640]  =  1.0
	[500 ,  641]  =  1.10909e-289
	[505 ,  641]  =  -1.0
	[502 ,  642]  =  1.0
	[41  ,  643]  =  -0.856109
	[152 ,  643]  =  -0.516796
	[504 ,  643]  =  3.03929e-289
	[898 ,  644]  =  1.0
	[183 ,  645]  =  1.0
	[723 ,  645]  =  -1.61957e-288
	[509 ,  646]  =  1.0
	[510 ,  647]  =  1.0
	[511 ,  648]  =  1.0
	[512 ,  649]  =  1.0
	[543 ,  650]  =  -1.0
	[887 ,  650]  =  1.16482e-289
	[308 ,  651]  =  -4.53068e-290
	[543 ,  651]  =  1.0
	[887 ,  651]  =  -1.16482e-289
	[515 ,  652]  =  1.0
	[516 ,  653]  =  1.0
	[286 ,  654]  =  -1.0
	[517 ,  654]  =  1.26903e-289
	[183 ,  655]  =  -1.0
	[723 ,  655]  =  1.61957e-288
	[697 ,  656]  =  1.0
	[521 ,  657]  =  1.09308e-289
	[697 ,  657]  =  -1.0
	[550 ,  658]  =  1.0
	[388 ,  659]  =  -0.102359
	[522 ,  659]  =  1.10116e-289
	[550 ,  659]  =  -0.994748
	[995 ,  660]  =  1.0
	[524 ,  661]  =  4.25392e-289
	[995 ,  661]  =  -1.0
	[525 ,  662]  =  1.0
	[526 ,  663]  =  1.0
	[98  ,  664]  =  -1.0
	[528 ,  664]  =  3.40965e-289
	[529 ,  665]  =  1.0
	[531 ,  666]  =  1.0
	[775 ,  667]  =  1.0
	[532 ,  668]  =  4.95123e-288
	[775 ,  668]  =  -1.0
	[3   ,  669]  =  -1.0
	[534 ,  669]  =  6.09341e-289
	[535 ,  670]  =  1.0
	[536 ,  671]  =  1.0
	[538 ,  672]  =  1.0
	[539 ,  673]  =  1.0
	[540 ,  674]  =  1.0
	[308 ,  675]  =  -1.0
	[541 ,  675]  =  3.17085e-288
	[98  ,  676]  =  -1.0
	[542 ,  676]  =  8.25147e-289
	[545 ,  677]  =  1.0
	[135 ,  678]  =  1.0
	[339 ,  678]  =  -1.29628e-289
	[709 ,  679]  =  1.0
	[44  ,  680]  =  1.27044e-289
	[447 ,  680]  =  -1.0
	[710 ,  680]  =  1.58743e-287
	[551 ,  681]  =  1.0
	[329 ,  682]  =  -1.57374e-289
	[404 ,  682]  =  1.0
	[553 ,  683]  =  1.0
	[556 ,  684]  =  1.0
	[34  ,  685]  =  3.44818e-289
	[486 ,  685]  =  -1.0
	[572 ,  685]  =  4.68559e-289
	[633 ,  686]  =  1.0
	[146 ,  687]  =  1.0
	[346 ,  687]  =  -1.05091e-289
	[633 ,  687]  =  -5.27034e-290
	[559 ,  688]  =  1.0
	[560 ,  689]  =  1.0
	[682 ,  690]  =  1.0
	[673 ,  691]  =  4.11434e-289
	[682 ,  691]  =  -1.0
	[673 ,  692]  =  -4.11434e-289
	[682 ,  692]  =  1.0
	[607 ,  693]  =  1.0
	[607 ,  694]  =  -1.0
	[947 ,  694]  =  1.07395e-289
	[350 ,  695]  =  -1.27661e-289
	[602 ,  695]  =  -3.97851e-290
	[607 ,  695]  =  1.0
	[947 ,  695]  =  -1.07395e-289
	[566 ,  696]  =  1.0
	[567 ,  697]  =  1.0
	[569 ,  698]  =  1.0
	[570 ,  699]  =  1.0
	[571 ,  700]  =  1.0
	[379 ,  701]  =  -1.0
	[573 ,  701]  =  2.33074e-288
	[574 ,  702]  =  1.0
	[575 ,  703]  =  1.0
	[576 ,  704]  =  1.0
	[650 ,  705]  =  1.0
	[578 ,  706]  =  3.63907e-289
	[650 ,  706]  =  -1.0
	[580 ,  707]  =  1.0
	[581 ,  708]  =  1.0
	[582 ,  709]  =  1.0
	[583 ,  710]  =  1.0
	[585 ,  711]  =  1.0
	[291 ,  712]  =  -0.848159
	[335 ,  712]  =  1.32542e-289
	[905 ,  712]  =  -0.529743
	[772 ,  713]  =  1.0
	[28  ,  714]  =  -1.18574e-289
	[838 ,  714]  =  1.0
	[60  ,  715]  =  -1.0
	[592 ,  715]  =  1.2404e-289
	[146 ,  716]  =  -1.0
	[346 ,  716]  =  1.05091e-289
	[596 ,  717]  =  3.36941e-289
	[627 ,  717]  =  -1.0
	[597 ,  718]  =  1.0
	[324 ,  719]  =  -1.0
	[991 ,  719]  =  2.75096e-289
	[324 ,  720]  =  1.0
	[991 ,  720]  =  -2.75096e-289
	[601 ,  721]  =  1.0
	[603 ,  722]  =  1.0
	[507 ,  723]  =  -1.0
	[845 ,  723]  =  3.57712e-289
	[507 ,  724]  =  1.0
	[509 ,  724]  =  -2.74702e-289
	[845 ,  724]  =  -3.57712e-289
	[609 ,  725]  =  1.0
	[610 ,  726]  =  1.0
	[14  ,  727]  =  -1.0
	[611 ,  727]  =  4.01287e-288
	[614 ,  728]  =  1.0
	[616 ,  729]  =  1.0
	[618 ,  730]  =  1.0
	[619 ,  731]  =  1.0
	[621 ,  732]  =  1.0
	[623 ,  733]  =  1.0
	[257 ,  734]  =  -2.38845e-289
	[814 ,  734]  =  1.0
	[625 ,  735]  =  1.0
	[423 ,  736]  =  3.73581e-288
	[598 ,  736]  =  -1.0
	[605 ,  737]  =  -1.0
	[628 ,  737]  =  3.30534e-289
	[486 ,  738]  =  -1.0
	[631 ,  738]  =  1.35258e-289
	[392 ,  739]  =  -1.0
	[632 ,  739]  =  1.81909e-289
	[634 ,  740]  =  1.0
	[866 ,  741]  =  1.0
	[273 ,  742]  =  -8.81887e-290
	[543 ,  742]  =  1.0
	[866 ,  742]  =  -1.02285e-289
	[887 ,  742]  =  -1.16482e-289
	[637 ,  743]  =  1.0
	[638 ,  744]  =  1.0
	[639 ,  745]  =  1.0
	[640 ,  746]  =  1.0
	[641 ,  747]  =  1.0
	[151 ,  748]  =  -7.99794e-289
	[777 ,  748]  =  1.0
	[648 ,  749]  =  1.0
	[651 ,  750]  =  1.0
	[970 ,  751]  =  1.0
	[652 ,  752]  =  4.19106e-288
	[970 ,  752]  =  -1.0
	[653 ,  753]  =  1.0
	[654 ,  754]  =  1.0
	[655 ,  755]  =  1.0
	[657 ,  756]  =  1.0
	[658 ,  757]  =  1.0
	[659 ,  758]  =  1.0
	[308 ,  759]  =  4.53068e-290
	[543 ,  759]  =  -1.0
	[887 ,  759]  =  1.16482e-289
	[661 ,  760]  =  1.0
	[662 ,  761]  =  1.0
	[663 ,  762]  =  1.0
	[664 ,  763]  =  1.0
	[665 ,  764]  =  1.0
	[666 ,  765]  =  1.0
	[667 ,  766]  =  1.0
	[308 ,  767]  =  4.53068e-290
	[543 ,  767]  =  -1.0
	[887 ,  767]  =  1.16482e-289
	[308 ,  768]  =  -4.53068e-290
	[543 ,  768]  =  1.0
	[887 ,  768]  =  -1.16482e-289
	[669 ,  769]  =  1.0
	[671 ,  770]  =  1.0
	[379 ,  771]  =  -1.0
	[674 ,  771]  =  5.55386e-289
	[280 ,  772]  =  -1.05118e-289
	[852 ,  772]  =  1.0
	[677 ,  773]  =  1.0
	[612 ,  774]  =  -0.256163
	[678 ,  774]  =  1.06124e-289
	[988 ,  774]  =  -0.966634
	[680 ,  775]  =  1.0
	[28  ,  776]  =  -1.18574e-289
	[838 ,  776]  =  1.0
	[684 ,  777]  =  1.0
	[685 ,  778]  =  1.0
	[182 ,  779]  =  -1.0594e-289
	[732 ,  779]  =  1.0
	[689 ,  780]  =  1.0
	[55  ,  781]  =  -2.95698e-289
	[782 ,  781]  =  1.0
	[691 ,  782]  =  1.0
	[692 ,  783]  =  1.0
	[693 ,  784]  =  1.0
	[581 ,  785]  =  -1.0
	[695 ,  785]  =  2.86478e-289
	[696 ,  786]  =  1.0
	[199 ,  787]  =  -1.0
	[698 ,  787]  =  1.18845e-289
	[439 ,  788]  =  -0.606027
	[467 ,  788]  =  5.12289e-289
	[523 ,  788]  =  -0.795444
	[700 ,  789]  =  1.0
	[701 ,  790]  =  1.0
	[234 ,  791]  =  -1.0
	[966 ,  791]  =  1.41906e-289
	[234 ,  792]  =  1.0
	[966 ,  792]  =  -1.41906e-289
	[704 ,  793]  =  1.0
	[235 ,  794]  =  -1.0
	[706 ,  794]  =  1.51179e-289
	[9   ,  795]  =  1.0
	[100 ,  795]  =  -8.56515e-289
	[4   ,  796]  =  -0.39463
	[712 ,  796]  =  9.73726e-290
	[772 ,  796]  =  -0.91884
	[713 ,  797]  =  1.0
	[714 ,  798]  =  1.0
	[715 ,  799]  =  1.0
	[47  ,  800]  =  1.0
	[846 ,  800]  =  -2.49215e-289
	[943 ,  801]  =  1.0
	[564 ,  802]  =  -0.923009
	[717 ,  802]  =  1.12227e-289
	[943 ,  802]  =  -0.384779
	[718 ,  803]  =  1.0
	[719 ,  804]  =  1.0
	[720 ,  805]  =  1.0
	[722 ,  806]  =  1.0
	[870 ,  807]  =  1.0
	[371 ,  808]  =  -0.63154
	[724 ,  808]  =  7.84774e-290
	[870 ,  808]  =  -0.775343
	[725 ,  809]  =  1.0
	[324 ,  810]  =  1.0
	[991 ,  810]  =  -2.75096e-289
	[679 ,  811]  =  -4.82079e-289
	[847 ,  811]  =  1.0
	[55  ,  812]  =  2.95698e-289
	[782 ,  812]  =  -1.0
	[510 ,  813]  =  -1.0
	[728 ,  813]  =  1.60143e-289
	[730 ,  814]  =  1.0
	[733 ,  815]  =  1.0
	[735 ,  816]  =  1.0
	[738 ,  817]  =  1.0
	[740 ,  818]  =  1.0
	[741 ,  819]  =  1.0
	[742 ,  820]  =  1.0
	[743 ,  821]  =  1.0
	[744 ,  822]  =  1.0
	[745 ,  823]  =  1.0
	[615 ,  824]  =  -1.0
	[746 ,  824]  =  5.30836e-289
	[747 ,  825]  =  1.0
	[965 ,  826]  =  1.0
	[656 ,  827]  =  1.0
	[707 ,  827]  =  -2.71002e-289
	[965 ,  827]  =  -1.39443e-289
	[750 ,  828]  =  1.0
	[9   ,  829]  =  1.0
	[100 ,  829]  =  -8.56515e-289
	[258 ,  829]  =  -4.97804e-289
	[754 ,  830]  =  1.0
	[755 ,  831]  =  1.0
	[324 ,  832]  =  1.0
	[991 ,  832]  =  -2.75096e-289
	[757 ,  833]  =  1.0
	[759 ,  834]  =  1.0
	[760 ,  835]  =  1.0
	[68  ,  836]  =  -1.0
	[761 ,  836]  =  1.43112e-289
	[669 ,  837]  =  -0.0830287
	[777 ,  837]  =  -0.996547
	[937 ,  837]  =  2.11046e-289
	[669 ,  838]  =  0.0830287
	[777 ,  838]  =  0.996547
	[937 ,  838]  =  -2.11046e-289
	[763 ,  839]  =  1.0
	[764 ,  840]  =  1.0
	[765 ,  841]  =  1.0
	[766 ,  842]  =  1.0
	[767 ,  843]  =  1.0
	[280 ,  844]  =  -1.05118e-289
	[852 ,  844]  =  1.0
	[46  ,  845]  =  -1.0
	[770 ,  845]  =  2.38118e-289
	[967 ,  846]  =  1.0
	[773 ,  847]  =  5.91169e-289
	[967 ,  847]  =  -1.0
	[37  ,  848]  =  -1.38771e-289
	[577 ,  848]  =  1.0
	[776 ,  849]  =  1.0
	[778 ,  850]  =  1.0
	[621 ,  851]  =  -1.0
	[779 ,  851]  =  9.733e-289
	[781 ,  852]  =  1.0
	[784 ,  853]  =  1.0
	[785 ,  854]  =  1.0
	[786 ,  855]  =  1.0
	[787 ,  856]  =  1.0
	[173 ,  857]  =  -1.0
	[788 ,  857]  =  5.65117e-289
	[789 ,  858]  =  1.0
	[790 ,  859]  =  1.0
	[416 ,  860]  =  -1.0
	[791 ,  860]  =  1.13355e-289
	[792 ,  861]  =  1.0
	[793 ,  862]  =  1.0
	[426 ,  863]  =  -1.0
	[794 ,  863]  =  3.90441e-289
	[796 ,  864]  =  1.0
	[799 ,  865]  =  1.0
	[803 ,  866]  =  1.0
	[804 ,  867]  =  1.0
	[417 ,  868]  =  -1.0
	[805 ,  868]  =  3.70654e-289
	[659 ,  869]  =  -1.0
	[806 ,  869]  =  1.42875e-289
	[9   ,  870]  =  1.0
	[100 ,  870]  =  -8.56515e-289
	[808 ,  871]  =  1.0
	[200 ,  872]  =  -9.60288e-290
	[241 ,  872]  =  -2.61932e-289
	[299 ,  872]  =  0.551412
	[451 ,  872]  =  0.834233
	[688 ,  872]  =  -1.62566e-289
	[811 ,  873]  =  1.0
	[214 ,  874]  =  -1.0
	[812 ,  874]  =  8.6603e-288
	[132 ,  875]  =  1.0
	[913 ,  875]  =  -4.11942e-289
	[815 ,  876]  =  1.0
	[816 ,  877]  =  1.0
	[610 ,  878]  =  -0.460104
	[817 ,  878]  =  1.05926e-289
	[842 ,  878]  =  -0.887865
	[818 ,  879]  =  1.0
	[819 ,  880]  =  1.0
	[29  ,  881]  =  -3.56185e-288
	[564 ,  881]  =  1.0
	[23  ,  882]  =  -1.0
	[687 ,  882]  =  3.54163e-289
	[694 ,  882]  =  4.77442e-289
	[825 ,  883]  =  1.0
	[184 ,  884]  =  -1.0
	[827 ,  884]  =  4.43027e-289
	[828 ,  885]  =  1.0
	[34  ,  886]  =  -3.44818e-289
	[486 ,  886]  =  1.0
	[572 ,  886]  =  -4.68559e-289
	[830 ,  887]  =  1.0
	[831 ,  888]  =  1.0
	[832 ,  889]  =  1.0
	[329 ,  890]  =  -2.51785e-290
	[392 ,  890]  =  0.987118
	[404 ,  890]  =  0.159992
	[632 ,  890]  =  -1.79565e-289
	[950 ,  890]  =  -3.25725e-289
	[834 ,  891]  =  1.0
	[835 ,  892]  =  1.0
	[836 ,  893]  =  1.0
	[837 ,  894]  =  1.0
	[839 ,  895]  =  1.0
	[840 ,  896]  =  1.0
	[841 ,  897]  =  1.0
	[843 ,  898]  =  1.0
	[146 ,  899]  =  -1.0
	[346 ,  899]  =  1.05091e-289
	[543 ,  899]  =  3.08904e-289
	[633 ,  899]  =  5.27034e-290
	[67  ,  900]  =  -1.0
	[849 ,  900]  =  5.66614e-289
	[851 ,  901]  =  1.0
	[853 ,  902]  =  1.77479e-289
	[984 ,  902]  =  -1.0
	[855 ,  903]  =  1.0
	[856 ,  904]  =  1.0
	[857 ,  905]  =  1.0
	[858 ,  906]  =  1.0
	[183 ,  907]  =  1.0
	[723 ,  907]  =  -1.61957e-288
	[860 ,  908]  =  1.0
	[861 ,  909]  =  1.0
	[915 ,  910]  =  1.0
	[909 ,  911]  =  4.33185e-289
	[915 ,  911]  =  -1.0
	[395 ,  912]  =  -8.51209e-289
	[909 ,  912]  =  -4.33185e-289
	[915 ,  912]  =  1.0
	[864 ,  913]  =  1.0
	[865 ,  914]  =  1.0
	[867 ,  915]  =  1.0
	[868 ,  916]  =  1.80932e-289
	[943 ,  916]  =  -1.0
	[869 ,  917]  =  1.0
	[872 ,  918]  =  1.0
	[874 ,  919]  =  1.0
	[876 ,  920]  =  1.0
	[896 ,  921]  =  1.0
	[877 ,  922]  =  1.59426e-289
	[896 ,  922]  =  -1.0
	[879 ,  923]  =  1.0
	[863 ,  924]  =  -1.0
	[881 ,  924]  =  1.28005e-288
	[882 ,  925]  =  1.0
	[156 ,  926]  =  -1.0
	[883 ,  926]  =  2.74954e-289
	[884 ,  927]  =  1.0
	[885 ,  928]  =  1.0
	[886 ,  929]  =  1.0
	[432 ,  930]  =  -1.0
	[888 ,  930]  =  7.06746e-289
	[341 ,  931]  =  -1.0
	[889 ,  931]  =  1.27023e-289
	[890 ,  932]  =  1.0
	[533 ,  933]  =  -1.0
	[891 ,  933]  =  1.7995e-289
	[892 ,  934]  =  1.0
	[122 ,  935]  =  -1.42626e-289
	[221 ,  935]  =  1.0
	[135 ,  936]  =  -1.0
	[339 ,  936]  =  1.29628e-289
	[899 ,  937]  =  1.0
	[900 ,  938]  =  1.0
	[901 ,  939]  =  1.0
	[906 ,  940]  =  1.0
	[907 ,  941]  =  1.0
	[910 ,  942]  =  1.0
	[293 ,  943]  =  -1.0
	[911 ,  943]  =  1.17628e-289
	[912 ,  944]  =  1.0
	[914 ,  945]  =  1.0
	[515 ,  946]  =  -1.0
	[916 ,  946]  =  1.13238e-289
	[696 ,  947]  =  -1.0
	[918 ,  947]  =  2.04536e-289
	[919 ,  948]  =  1.0
	[432 ,  949]  =  1.0
	[888 ,  949]  =  -7.06746e-289
	[58  ,  950]  =  -1.0
	[921 ,  950]  =  1.15317e-289
	[922 ,  951]  =  1.0
	[924 ,  952]  =  1.09059e-289
	[975 ,  952]  =  -1.0
	[423 ,  953]  =  -3.73581e-288
	[598 ,  953]  =  1.0
	[564 ,  954]  =  -1.0
	[927 ,  954]  =  4.65509e-289
	[929 ,  955]  =  1.0
	[930 ,  956]  =  1.0
	[550 ,  957]  =  -1.0
	[931 ,  957]  =  5.91453e-289
	[932 ,  958]  =  1.0
	[933 ,  959]  =  1.0
	[281 ,  960]  =  -1.31506e-288
	[308 ,  960]  =  1.0
	[541 ,  960]  =  -3.17085e-288
	[935 ,  961]  =  1.0
	[936 ,  962]  =  1.0
	[202 ,  963]  =  -1.0
	[939 ,  963]  =  1.93775e-289
	[940 ,  964]  =  1.0
	[941 ,  965]  =  1.0
	[381 ,  966]  =  -1.0
	[942 ,  966]  =  1.24818e-289
	[944 ,  967]  =  1.0
	[946 ,  968]  =  1.0
	[948 ,  969]  =  1.0
	[183 ,  970]  =  -1.0
	[949 ,  970]  =  2.01158e-289
	[10  ,  971]  =  1.0
	[403 ,  971]  =  -1.86672e-289
	[795 ,  971]  =  -1.08736e-289
	[953 ,  972]  =  1.0
	[578 ,  973]  =  -3.63907e-289
	[650 ,  973]  =  1.0
	[828 ,  973]  =  -7.89648e-289
	[289 ,  974]  =  -2.00485e-289
	[587 ,  974]  =  1.0
	[825 ,  974]  =  -5.84275e-290
	[431 ,  975]  =  -1.0
	[957 ,  975]  =  1.02699e-289
	[958 ,  976]  =  1.0
	[308 ,  977]  =  4.53068e-290
	[543 ,  977]  =  -1.0
	[887 ,  977]  =  1.16482e-289
	[673 ,  978]  =  4.11434e-289
	[682 ,  978]  =  -1.0
	[961 ,  979]  =  1.0
	[28  ,  980]  =  -7.12697e-290
	[202 ,  980]  =  0.799207
	[275 ,  980]  =  -5.42315e-291
	[768 ,  980]  =  -1.3233e-289
	[838 ,  980]  =  0.601056
	[939 ,  980]  =  -1.54867e-289
	[439 ,  981]  =  -0.606027
	[467 ,  981]  =  5.12289e-289
	[523 ,  981]  =  -0.795444
	[848 ,  981]  =  3.35298e-289
	[969 ,  982]  =  1.0
	[977 ,  983]  =  1.0
	[971 ,  984]  =  1.92614e-289
	[977 ,  984]  =  -1.0
	[972 ,  985]  =  1.0
	[329 ,  986]  =  -1.57374e-289
	[404 ,  986]  =  1.0
	[974 ,  987]  =  1.0
	[976 ,  988]  =  1.0
	[980 ,  989]  =  1.0
	[423 ,  990]  =  3.73581e-288
	[598 ,  990]  =  -1.0
	[985 ,  991]  =  1.0
	[986 ,  992]  =  1.0
	[540 ,  993]  =  -1.0
	[987 ,  993]  =  2.11875e-289
	[415 ,  994]  =  1.0
	[617 ,  994]  =  -1.74309e-288
	[847 ,  994]  =  -1.41377e-288
	[992 ,  995]  =  1.0
	[993 ,  996]  =  1.0
	[997 ,  997]  =  1.0
	[251 ,  998]  =  -2.95495e-289
	[739 ,  998]  =  1.0
	[999 ,  999]  =  1.0
	[1000, 1000]  =  1.0
[Finished in 3.631s]
