[Command: julia /Users/Caitlin/development/computeEig/powermethod.jl]
i = 9
sparse(dominantEigenvector) =
	[408 ,    1]  =  1.0


sparse(allEigenvectors) =
	[506 ,    1]  =  1.0
	[1   ,    2]  =  4.92632e-289
	[506 ,    2]  =  -1.0
	[585 ,    3]  =  1.0
	[2   ,    4]  =  2.77736e-289
	[585 ,    4]  =  -1.0
	[3   ,    5]  =  1.0
	[4   ,    6]  =  1.0
	[5   ,    7]  =  1.0
	[879 ,    8]  =  1.0
	[672 ,    9]  =  1.89393e-289
	[879 ,    9]  =  -1.0
	[672 ,   10]  =  -1.89393e-289
	[879 ,   10]  =  1.0
	[7   ,   11]  =  1.0
	[8   ,   12]  =  1.0
	[9   ,   13]  =  1.0
	[329 ,   14]  =  1.0
	[10  ,   15]  =  1.07147e-289
	[329 ,   15]  =  -1.0
	[11  ,   16]  =  1.0
	[489 ,   17]  =  1.0
	[12  ,   18]  =  3.66834e-289
	[489 ,   18]  =  -1.0
	[13  ,   19]  =  1.0
	[14  ,   20]  =  1.0
	[15  ,   21]  =  1.0
	[16  ,   22]  =  1.0
	[735 ,   23]  =  1.0
	[434 ,   24]  =  1.09662e-289
	[735 ,   24]  =  -1.0
	[434 ,   25]  =  -1.09662e-289
	[735 ,   25]  =  1.0
	[210 ,   26]  =  1.0
	[210 ,   27]  =  -1.0
	[583 ,   27]  =  1.09478e-289
	[210 ,   28]  =  1.0
	[583 ,   28]  =  -1.09478e-289
	[507 ,   29]  =  1.0
	[19  ,   30]  =  2.04323e-289
	[507 ,   30]  =  -1.0
	[20  ,   31]  =  1.0
	[874 ,   32]  =  1.0
	[721 ,   33]  =  1.03749e-289
	[874 ,   33]  =  -1.0
	[721 ,   34]  =  -1.03749e-289
	[874 ,   34]  =  1.0
	[748 ,   35]  =  1.0
	[10  ,   36]  =  -1.07147e-289
	[329 ,   36]  =  1.0
	[10  ,   37]  =  1.07147e-289
	[329 ,   37]  =  -1.0
	[10  ,   38]  =  -1.07147e-289
	[329 ,   38]  =  1.0
	[580 ,   39]  =  1.0
	[580 ,   40]  =  -1.0
	[924 ,   40]  =  1.48395e-289
	[580 ,   41]  =  1.0
	[924 ,   41]  =  -1.48395e-289
	[485 ,   42]  =  1.0
	[283 ,   43]  =  1.44259e-289
	[485 ,   43]  =  -1.0
	[283 ,   44]  =  -1.44259e-289
	[485 ,   44]  =  1.0
	[68  ,   45]  =  1.0
	[283 ,   46]  =  1.44259e-289
	[485 ,   46]  =  -1.0
	[831 ,   47]  =  1.0
	[25  ,   48]  =  1.42517e-289
	[831 ,   48]  =  -1.0
	[542 ,   49]  =  1.0
	[154 ,   50]  =  1.0
	[183 ,   51]  =  1.0
	[183 ,   52]  =  -1.0
	[894 ,   52]  =  1.19234e-289
	[154 ,   53]  =  -1.80372e-289
	[183 ,   53]  =  1.0
	[542 ,   53]  =  -2.20113e-289
	[894 ,   53]  =  -1.19234e-289
	[154 ,   54]  =  1.80372e-289
	[183 ,   54]  =  -1.0
	[542 ,   54]  =  2.20113e-289
	[894 ,   54]  =  1.19234e-289
	[154 ,   55]  =  -1.80372e-289
	[183 ,   55]  =  1.0
	[542 ,   55]  =  -2.20113e-289
	[894 ,   55]  =  -1.19234e-289
	[443 ,   56]  =  1.0
	[53  ,   57]  =  1.0
	[813 ,   58]  =  1.0
	[53  ,   59]  =  -0.106494
	[301 ,   59]  =  1.10223e-289
	[813 ,   59]  =  -0.994313
	[53  ,   60]  =  0.106494
	[301 ,   60]  =  -1.10223e-289
	[443 ,   60]  =  -1.15554e-289
	[813 ,   60]  =  0.994313
	[221 ,   61]  =  1.0
	[221 ,   62]  =  -1.0
	[498 ,   62]  =  5.27818e-289
	[529 ,   63]  =  1.0
	[221 ,   64]  =  1.0
	[498 ,   64]  =  -5.27818e-289
	[529 ,   64]  =  -1.52361e-287
	[320 ,   65]  =  1.0
	[88  ,   66]  =  1.0
	[88  ,   67]  =  -0.8499
	[320 ,   67]  =  -0.526944
	[674 ,   67]  =  1.18996e-289
	[88  ,   68]  =  0.8499
	[320 ,   68]  =  0.526944
	[674 ,   68]  =  -1.18996e-289
	[779 ,   69]  =  1.0
	[30  ,   70]  =  8.65505e-289
	[779 ,   70]  =  -1.0
	[31  ,   71]  =  1.0
	[76  ,   72]  =  1.0
	[32  ,   73]  =  3.01114e-289
	[76  ,   73]  =  -1.0
	[34  ,   74]  =  1.0
	[33  ,   75]  =  4.28756e-289
	[34  ,   75]  =  -1.0
	[35  ,   76]  =  1.0
	[36  ,   77]  =  1.0
	[652 ,   78]  =  1.0
	[344 ,   79]  =  1.0
	[344 ,   80]  =  -1.0
	[466 ,   80]  =  6.84555e-289
	[344 ,   81]  =  1.0
	[466 ,   81]  =  -6.84555e-289
	[652 ,   81]  =  -6.92928e-289
	[330 ,   82]  =  1.0
	[38  ,   83]  =  1.1542e-289
	[330 ,   83]  =  -1.0
	[120 ,   84]  =  1.0
	[39  ,   85]  =  1.04168e-289
	[120 ,   85]  =  -1.0
	[40  ,   86]  =  1.0
	[41  ,   87]  =  1.0
	[42  ,   88]  =  1.0
	[43  ,   89]  =  1.0
	[44  ,   90]  =  1.0
	[45  ,   91]  =  1.0
	[46  ,   92]  =  1.0
	[47  ,   93]  =  1.0
	[258 ,   94]  =  1.0
	[48  ,   95]  =  1.98236e-289
	[258 ,   95]  =  -1.0
	[49  ,   96]  =  1.0
	[50  ,   97]  =  1.0
	[51  ,   98]  =  1.0
	[3   ,   99]  =  -1.0
	[52  ,   99]  =  1.27318e-289
	[172 ,  100]  =  1.0
	[378 ,  101]  =  1.0
	[147 ,  102]  =  1.0
	[172 ,  103]  =  -1.0
	[292 ,  103]  =  1.72214e-289
	[147 ,  104]  =  -3.48048e-289
	[172 ,  104]  =  1.0
	[292 ,  104]  =  -1.72214e-289
	[378 ,  104]  =  -1.41283e-290
	[147 ,  105]  =  3.48048e-289
	[172 ,  105]  =  -1.0
	[292 ,  105]  =  1.72214e-289
	[378 ,  105]  =  1.41283e-290
	[55  ,  106]  =  1.0
	[248 ,  107]  =  1.0
	[248 ,  108]  =  -1.0
	[439 ,  108]  =  6.01687e-289
	[248 ,  109]  =  1.0
	[439 ,  109]  =  -6.01687e-289
	[34  ,  110]  =  -1.0
	[223 ,  110]  =  1.12434e-289
	[627 ,  111]  =  1.0
	[248 ,  112]  =  -1.0
	[439 ,  112]  =  6.01687e-289
	[34  ,  113]  =  1.0
	[223 ,  113]  =  -1.12434e-289
	[34  ,  114]  =  -3.44995e-289
	[248 ,  114]  =  1.0
	[439 ,  114]  =  -6.01687e-289
	[34  ,  115]  =  3.44995e-289
	[248 ,  115]  =  -1.0
	[439 ,  115]  =  6.01687e-289
	[57  ,  116]  =  1.0
	[58  ,  117]  =  1.0
	[50  ,  118]  =  -1.0
	[116 ,  118]  =  2.54781e-288
	[50  ,  119]  =  1.0
	[116 ,  119]  =  -2.54781e-288
	[60  ,  120]  =  1.0
	[61  ,  121]  =  1.0
	[784 ,  122]  =  1.0
	[744 ,  123]  =  1.0
	[193 ,  124]  =  1.0
	[193 ,  125]  =  -0.486982
	[206 ,  125]  =  6.90925e-289
	[744 ,  125]  =  -0.873412
	[193 ,  126]  =  0.486982
	[206 ,  126]  =  -6.90925e-289
	[744 ,  126]  =  0.873412
	[784 ,  126]  =  -1.2947e-289
	[63  ,  127]  =  1.0
	[64  ,  128]  =  1.0
	[624 ,  129]  =  1.0
	[65  ,  130]  =  1.52208e-289
	[624 ,  130]  =  -1.0
	[464 ,  131]  =  1.0
	[66  ,  132]  =  1.12229e-289
	[464 ,  132]  =  -1.0
	[67  ,  133]  =  1.0
	[69  ,  134]  =  1.0
	[200 ,  135]  =  1.0
	[70  ,  136]  =  1.19555e-289
	[200 ,  136]  =  -1.0
	[71  ,  137]  =  1.0
	[72  ,  138]  =  1.0
	[73  ,  139]  =  1.0
	[74  ,  140]  =  1.0
	[75  ,  141]  =  1.0
	[862 ,  142]  =  1.0
	[256 ,  143]  =  1.19653e-289
	[862 ,  143]  =  -1.0
	[256 ,  144]  =  -1.19653e-289
	[862 ,  144]  =  1.0
	[78  ,  145]  =  1.0
	[79  ,  146]  =  1.0
	[34  ,  147]  =  3.44995e-289
	[248 ,  147]  =  -1.0
	[439 ,  147]  =  6.01687e-289
	[806 ,  148]  =  1.0
	[571 ,  149]  =  1.0
	[174 ,  150]  =  1.01766e-289
	[571 ,  150]  =  -1.0
	[34  ,  151]  =  -3.44995e-289
	[248 ,  151]  =  1.0
	[439 ,  151]  =  -6.01687e-289
	[34  ,  152]  =  3.44995e-289
	[248 ,  152]  =  -1.0
	[439 ,  152]  =  6.01687e-289
	[682 ,  153]  =  1.0
	[81  ,  154]  =  3.22213e-289
	[682 ,  154]  =  -1.0
	[7   ,  155]  =  -1.0
	[303 ,  155]  =  1.7165e-289
	[7   ,  156]  =  1.0
	[303 ,  156]  =  -1.7165e-289
	[83  ,  157]  =  1.0
	[283 ,  158]  =  1.44259e-289
	[485 ,  158]  =  -1.0
	[132 ,  159]  =  1.0
	[132 ,  160]  =  -1.0
	[348 ,  160]  =  1.65587e-289
	[380 ,  161]  =  1.0
	[132 ,  162]  =  1.0
	[348 ,  162]  =  -1.65587e-289
	[380 ,  162]  =  -1.09894e-289
	[86  ,  163]  =  1.0
	[87  ,  164]  =  1.0
	[89  ,  165]  =  1.0
	[7   ,  166]  =  -1.0
	[90  ,  166]  =  1.39572e-289
	[334 ,  167]  =  1.0
	[91  ,  168]  =  1.68286e-289
	[334 ,  168]  =  -1.0
	[132 ,  169]  =  1.0
	[348 ,  169]  =  -1.65587e-289
	[93  ,  170]  =  1.0
	[430 ,  171]  =  1.0
	[433 ,  172]  =  1.0
	[94  ,  173]  =  1.02613e-289
	[430 ,  173]  =  -0.715932
	[433 ,  173]  =  -0.69817
	[87  ,  174]  =  -1.0
	[755 ,  174]  =  1.17075e-289
	[87  ,  175]  =  1.0
	[755 ,  175]  =  -1.17075e-289
	[644 ,  176]  =  1.0
	[96  ,  177]  =  1.08732e-289
	[644 ,  177]  =  -1.0
	[248 ,  178]  =  1.0
	[439 ,  178]  =  -6.01687e-289
	[248 ,  179]  =  -1.0
	[439 ,  179]  =  6.01687e-289
	[98  ,  180]  =  1.0
	[944 ,  181]  =  1.0
	[569 ,  182]  =  1.93247e-289
	[944 ,  182]  =  -1.0
	[569 ,  183]  =  -1.93247e-289
	[944 ,  183]  =  1.0
	[215 ,  184]  =  1.0
	[215 ,  185]  =  -1.0
	[236 ,  185]  =  1.79932e-289
	[759 ,  186]  =  1.0
	[385 ,  187]  =  1.39161e-289
	[759 ,  187]  =  -1.0
	[215 ,  188]  =  0.0808148
	[236 ,  188]  =  -1.45411e-290
	[385 ,  188]  =  -1.38705e-289
	[759 ,  188]  =  0.996729
	[101 ,  189]  =  1.0
	[102 ,  190]  =  1.0
	[835 ,  191]  =  1.0
	[877 ,  192]  =  1.0
	[337 ,  193]  =  3.34613e-289
	[835 ,  193]  =  -1.0
	[337 ,  194]  =  -3.34613e-289
	[835 ,  194]  =  1.0
	[877 ,  194]  =  -3.06884e-289
	[104 ,  195]  =  1.0
	[105 ,  196]  =  1.0
	[628 ,  197]  =  1.0
	[106 ,  198]  =  3.0288e-289
	[628 ,  198]  =  -1.0
	[327 ,  199]  =  1.0
	[807 ,  200]  =  1.0
	[393 ,  201]  =  1.62122e-289
	[807 ,  201]  =  -1.0
	[763 ,  202]  =  1.0
	[327 ,  203]  =  -2.04782e-290
	[393 ,  203]  =  -1.62122e-289
	[763 ,  203]  =  -3.34182e-290
	[807 ,  203]  =  1.0
	[638 ,  204]  =  1.0
	[108 ,  205]  =  1.5454e-289
	[638 ,  205]  =  -1.0
	[109 ,  206]  =  1.0
	[110 ,  207]  =  1.0
	[428 ,  208]  =  1.0
	[428 ,  209]  =  -1.0
	[680 ,  209]  =  1.52403e-289
	[428 ,  210]  =  1.0
	[680 ,  210]  =  -1.52403e-289
	[428 ,  211]  =  -1.0
	[680 ,  211]  =  1.52403e-289
	[428 ,  212]  =  1.0
	[680 ,  212]  =  -1.52403e-289
	[428 ,  213]  =  -1.0
	[680 ,  213]  =  1.52403e-289
	[428 ,  214]  =  1.0
	[680 ,  214]  =  -1.52403e-289
	[112 ,  215]  =  1.0
	[113 ,  216]  =  1.0
	[114 ,  217]  =  1.0
	[115 ,  218]  =  1.0
	[117 ,  219]  =  1.0
	[105 ,  220]  =  -1.0
	[118 ,  220]  =  2.83393e-289
	[109 ,  221]  =  -1.0
	[119 ,  221]  =  1.32447e-289
	[579 ,  222]  =  1.0
	[579 ,  223]  =  -1.0
	[685 ,  223]  =  1.91302e-289
	[579 ,  224]  =  1.0
	[685 ,  224]  =  -1.91302e-289
	[122 ,  225]  =  1.0
	[35  ,  226]  =  -1.0
	[123 ,  226]  =  1.6096e-289
	[124 ,  227]  =  1.0
	[125 ,  228]  =  1.0
	[126 ,  229]  =  1.0
	[127 ,  230]  =  1.0
	[899 ,  231]  =  1.0
	[128 ,  232]  =  1.25709e-289
	[899 ,  232]  =  -1.0
	[381 ,  233]  =  1.0
	[129 ,  234]  =  6.61892e-289
	[381 ,  234]  =  -1.0
	[130 ,  235]  =  1.0
	[131 ,  236]  =  1.0
	[133 ,  237]  =  1.0
	[134 ,  238]  =  1.0
	[135 ,  239]  =  1.0
	[274 ,  240]  =  1.0
	[136 ,  241]  =  3.0727e-289
	[274 ,  241]  =  -1.0
	[137 ,  242]  =  1.0
	[134 ,  243]  =  -1.0
	[945 ,  243]  =  2.31619e-289
	[134 ,  244]  =  1.0
	[945 ,  244]  =  -2.31619e-289
	[274 ,  245]  =  -1.0
	[936 ,  245]  =  1.14596e-289
	[274 ,  246]  =  0.58595
	[385 ,  246]  =  -1.12768e-289
	[759 ,  246]  =  0.810348
	[936 ,  246]  =  -6.71473e-290
	[342 ,  247]  =  1.0
	[274 ,  248]  =  -0.58595
	[385 ,  248]  =  1.12768e-289
	[759 ,  248]  =  -0.810348
	[936 ,  248]  =  6.71473e-290
	[140 ,  249]  =  1.0
	[141 ,  250]  =  1.0
	[142 ,  251]  =  1.0
	[89  ,  252]  =  -1.0
	[143 ,  252]  =  2.96865e-289
	[912 ,  253]  =  1.0
	[144 ,  254]  =  1.90664e-289
	[912 ,  254]  =  -1.0
	[145 ,  255]  =  1.0
	[146 ,  256]  =  1.0
	[148 ,  257]  =  1.0
	[149 ,  258]  =  1.0
	[340 ,  259]  =  1.0
	[481 ,  260]  =  1.0
	[150 ,  261]  =  1.54769e-289
	[340 ,  261]  =  -0.62893
	[481 ,  261]  =  -0.777462
	[151 ,  262]  =  1.0
	[152 ,  263]  =  1.0
	[153 ,  264]  =  1.0
	[155 ,  265]  =  1.0
	[156 ,  266]  =  1.0
	[157 ,  267]  =  1.0
	[158 ,  268]  =  1.0
	[959 ,  269]  =  1.0
	[159 ,  270]  =  1.14227e-289
	[959 ,  270]  =  -1.0
	[160 ,  271]  =  1.0
	[161 ,  272]  =  1.0
	[391 ,  273]  =  1.0
	[473 ,  274]  =  1.0
	[162 ,  275]  =  1.42129e-289
	[391 ,  275]  =  -0.946194
	[473 ,  275]  =  -0.323601
	[163 ,  276]  =  1.0
	[164 ,  277]  =  1.0
	[67  ,  278]  =  -1.0
	[165 ,  278]  =  2.56158e-289
	[166 ,  279]  =  1.0
	[167 ,  280]  =  1.0
	[168 ,  281]  =  1.0
	[863 ,  282]  =  1.0
	[169 ,  283]  =  1.67282e-289
	[863 ,  283]  =  -1.0
	[768 ,  284]  =  1.0
	[67  ,  285]  =  -0.287225
	[170 ,  285]  =  1.52763e-289
	[768 ,  285]  =  -0.280071
	[779 ,  285]  =  -0.916003
	[171 ,  286]  =  1.0
	[447 ,  287]  =  1.0
	[173 ,  288]  =  2.52751e-288
	[447 ,  288]  =  -1.0
	[175 ,  289]  =  1.0
	[176 ,  290]  =  1.0
	[921 ,  291]  =  1.0
	[182 ,  292]  =  7.2659e-289
	[921 ,  292]  =  -1.0
	[604 ,  293]  =  1.0
	[182 ,  294]  =  -7.2659e-289
	[604 ,  294]  =  -8.50396e-289
	[921 ,  294]  =  1.0
	[178 ,  295]  =  1.0
	[580 ,  296]  =  1.0
	[924 ,  296]  =  -1.48395e-289
	[180 ,  297]  =  1.0
	[181 ,  298]  =  1.0
	[184 ,  299]  =  1.0
	[801 ,  300]  =  1.0
	[185 ,  301]  =  2.55519e-289
	[801 ,  301]  =  -1.0
	[186 ,  302]  =  1.0
	[187 ,  303]  =  1.0
	[42  ,  304]  =  -1.0
	[188 ,  304]  =  1.23081e-289
	[189 ,  305]  =  1.0
	[536 ,  306]  =  1.0
	[364 ,  307]  =  1.30623e-289
	[536 ,  307]  =  -1.0
	[53  ,  308]  =  -1.85078e-289
	[364 ,  308]  =  -1.30623e-289
	[536 ,  308]  =  1.0
	[53  ,  309]  =  1.85078e-289
	[364 ,  309]  =  1.30623e-289
	[536 ,  309]  =  -1.0
	[53  ,  310]  =  -1.85078e-289
	[364 ,  310]  =  -1.30623e-289
	[536 ,  310]  =  1.0
	[191 ,  311]  =  1.0
	[192 ,  312]  =  1.0
	[194 ,  313]  =  1.0
	[195 ,  314]  =  1.0
	[197 ,  315]  =  1.0
	[198 ,  316]  =  1.0
	[39  ,  317]  =  -1.04168e-289
	[120 ,  317]  =  1.0
	[133 ,  318]  =  -1.0
	[968 ,  318]  =  4.66813e-289
	[133 ,  319]  =  1.0
	[192 ,  319]  =  -4.82335e-289
	[968 ,  319]  =  -4.66813e-289
	[133 ,  320]  =  -1.0
	[192 ,  320]  =  4.82335e-289
	[968 ,  320]  =  4.66813e-289
	[887 ,  321]  =  1.0
	[584 ,  322]  =  1.0
	[202 ,  323]  =  2.39537e-289
	[584 ,  323]  =  -0.313346
	[887 ,  323]  =  -0.949639
	[617 ,  324]  =  1.0
	[203 ,  325]  =  2.31481e-289
	[617 ,  325]  =  -1.0
	[428 ,  326]  =  -1.0
	[680 ,  326]  =  1.52403e-289
	[205 ,  327]  =  1.0
	[207 ,  328]  =  1.0
	[42  ,  329]  =  1.0
	[188 ,  329]  =  -1.23081e-289
	[200 ,  329]  =  -7.01747e-290
	[821 ,  330]  =  1.0
	[313 ,  331]  =  1.28528e-289
	[821 ,  331]  =  -1.0
	[256 ,  332]  =  1.19653e-289
	[821 ,  332]  =  8.43947e-290
	[862 ,  332]  =  -1.0
	[256 ,  333]  =  -1.19653e-289
	[821 ,  333]  =  -8.43947e-290
	[862 ,  333]  =  1.0
	[211 ,  334]  =  1.0
	[214 ,  335]  =  1.0
	[212 ,  336]  =  1.52986e-289
	[214 ,  336]  =  -1.0
	[512 ,  337]  =  1.0
	[213 ,  338]  =  1.82565e-289
	[512 ,  338]  =  -1.0
	[216 ,  339]  =  1.0
	[217 ,  340]  =  1.0
	[218 ,  341]  =  1.0
	[219 ,  342]  =  1.0
	[98  ,  343]  =  -3.16102e-289
	[128 ,  343]  =  -1.25709e-289
	[899 ,  343]  =  1.0
	[631 ,  344]  =  1.0
	[3   ,  345]  =  1.0
	[52  ,  345]  =  -1.27318e-289
	[631 ,  345]  =  -5.58605e-290
	[105 ,  346]  =  1.0
	[118 ,  346]  =  -2.83393e-289
	[225 ,  347]  =  1.0
	[226 ,  348]  =  1.0
	[227 ,  349]  =  1.0
	[228 ,  350]  =  1.0
	[229 ,  351]  =  1.0
	[230 ,  352]  =  3.13227e-289
	[628 ,  352]  =  -1.0
	[231 ,  353]  =  1.0
	[232 ,  354]  =  1.0
	[229 ,  355]  =  -1.0
	[233 ,  355]  =  1.86017e-289
	[234 ,  356]  =  1.0
	[235 ,  357]  =  1.0
	[237 ,  358]  =  1.0
	[238 ,  359]  =  1.0
	[239 ,  360]  =  1.0
	[15  ,  361]  =  -1.0
	[240 ,  361]  =  2.87215e-289
	[241 ,  362]  =  1.0
	[242 ,  363]  =  1.0
	[243 ,  364]  =  1.0
	[13  ,  365]  =  -1.0
	[244 ,  365]  =  1.87661e-289
	[245 ,  366]  =  1.0
	[246 ,  367]  =  1.0
	[247 ,  368]  =  1.0
	[249 ,  369]  =  1.0
	[250 ,  370]  =  1.0
	[929 ,  371]  =  1.0
	[251 ,  372]  =  3.30707e-289
	[929 ,  372]  =  -1.0
	[252 ,  373]  =  1.0
	[105 ,  374]  =  -1.0
	[118 ,  374]  =  2.83393e-289
	[105 ,  375]  =  1.0
	[118 ,  375]  =  -2.83393e-289
	[254 ,  376]  =  1.0
	[255 ,  377]  =  1.0
	[773 ,  378]  =  1.0
	[773 ,  379]  =  -1.0
	[797 ,  379]  =  6.47442e-289
	[773 ,  380]  =  1.0
	[797 ,  380]  =  -6.47442e-289
	[259 ,  381]  =  1.0
	[650 ,  382]  =  1.0
	[260 ,  383]  =  1.03526e-289
	[650 ,  383]  =  -1.0
	[64  ,  384]  =  -1.0
	[375 ,  384]  =  2.68893e-289
	[64  ,  385]  =  1.0
	[375 ,  385]  =  -2.68893e-289
	[1   ,  386]  =  -4.92632e-289
	[506 ,  386]  =  1.0
	[448 ,  387]  =  1.0
	[263 ,  388]  =  2.23791e-289
	[448 ,  388]  =  -1.0
	[264 ,  389]  =  1.0
	[265 ,  390]  =  1.0
	[438 ,  391]  =  1.0
	[266 ,  392]  =  1.08728e-288
	[438 ,  392]  =  -1.0
	[267 ,  393]  =  1.0
	[268 ,  394]  =  1.0
	[269 ,  395]  =  7.89108e-288
	[921 ,  395]  =  -1.0
	[270 ,  396]  =  1.0
	[271 ,  397]  =  1.0
	[272 ,  398]  =  1.0
	[10  ,  399]  =  1.07147e-289
	[329 ,  399]  =  -1.0
	[275 ,  400]  =  1.0
	[820 ,  401]  =  1.0
	[276 ,  402]  =  1.5801e-289
	[820 ,  402]  =  -1.0
	[788 ,  403]  =  1.0
	[277 ,  404]  =  1.39882e-289
	[788 ,  404]  =  -1.0
	[278 ,  405]  =  1.0
	[279 ,  406]  =  1.0
	[280 ,  407]  =  1.0
	[281 ,  408]  =  1.0
	[282 ,  409]  =  1.0
	[122 ,  410]  =  -1.0
	[605 ,  410]  =  1.33385e-289
	[122 ,  411]  =  1.0
	[605 ,  411]  =  -1.33385e-289
	[285 ,  412]  =  1.0
	[559 ,  413]  =  1.0
	[287 ,  414]  =  1.32215e-289
	[559 ,  414]  =  -1.0
	[288 ,  415]  =  1.17105e-289
	[763 ,  415]  =  -1.0
	[234 ,  416]  =  -1.0
	[299 ,  416]  =  8.39388e-289
	[234 ,  417]  =  1.0
	[299 ,  417]  =  -8.39388e-289
	[164 ,  418]  =  -1.0
	[290 ,  418]  =  1.31291e-289
	[291 ,  419]  =  1.0
	[293 ,  420]  =  1.0
	[294 ,  421]  =  1.01223e-289
	[340 ,  421]  =  -1.0
	[202 ,  422]  =  -2.39537e-289
	[214 ,  422]  =  -1.83304e-289
	[584 ,  422]  =  0.313346
	[887 ,  422]  =  0.949639
	[252 ,  423]  =  -1.0
	[296 ,  423]  =  1.1844e-289
	[297 ,  424]  =  1.0
	[298 ,  425]  =  1.0
	[300 ,  426]  =  1.0
	[302 ,  427]  =  1.0
	[956 ,  428]  =  1.0
	[304 ,  429]  =  1.21518e-289
	[956 ,  429]  =  -1.0
	[305 ,  430]  =  1.0
	[306 ,  431]  =  1.0
	[478 ,  432]  =  1.0
	[307 ,  433]  =  2.12535e-289
	[478 ,  433]  =  -1.0
	[308 ,  434]  =  1.0
	[309 ,  435]  =  1.0
	[737 ,  436]  =  1.0
	[537 ,  437]  =  1.37974e-289
	[737 ,  437]  =  -1.0
	[537 ,  438]  =  -1.37974e-289
	[737 ,  438]  =  1.0
	[606 ,  439]  =  1.0
	[50  ,  440]  =  -0.727725
	[311 ,  440]  =  1.96083e-289
	[606 ,  440]  =  -0.685869
	[312 ,  441]  =  1.0
	[354 ,  442]  =  1.0
	[314 ,  443]  =  1.03628e-289
	[354 ,  443]  =  -0.340696
	[807 ,  443]  =  -0.940173
	[612 ,  444]  =  1.0
	[315 ,  445]  =  1.16129e-289
	[612 ,  445]  =  -1.0
	[316 ,  446]  =  1.0
	[317 ,  447]  =  1.0
	[318 ,  448]  =  2.1482e-289
	[340 ,  448]  =  -1.0
	[319 ,  449]  =  1.0
	[321 ,  450]  =  1.0
	[669 ,  451]  =  1.0
	[322 ,  452]  =  3.42548e-289
	[669 ,  452]  =  -1.0
	[323 ,  453]  =  1.0
	[951 ,  454]  =  1.0
	[731 ,  455]  =  3.21654e-289
	[951 ,  455]  =  -1.0
	[658 ,  456]  =  1.0
	[808 ,  457]  =  1.0
	[658 ,  458]  =  -6.44295e-289
	[731 ,  458]  =  -3.21654e-289
	[808 ,  458]  =  -2.17382e-288
	[951 ,  458]  =  1.0
	[325 ,  459]  =  1.0
	[326 ,  460]  =  1.0
	[328 ,  461]  =  1.0
	[331 ,  462]  =  1.0
	[332 ,  463]  =  1.0
	[333 ,  464]  =  1.0
	[767 ,  465]  =  1.0
	[434 ,  466]  =  -1.09662e-289
	[735 ,  466]  =  1.0
	[767 ,  466]  =  -1.42538e-290
	[317 ,  467]  =  -1.0
	[336 ,  467]  =  1.61407e-289
	[338 ,  468]  =  1.0
	[339 ,  469]  =  1.40375e-289
	[956 ,  469]  =  -1.0
	[58  ,  470]  =  -1.0
	[341 ,  470]  =  1.21028e-289
	[982 ,  471]  =  1.0
	[343 ,  472]  =  1.92712e-289
	[982 ,  472]  =  -1.0
	[345 ,  473]  =  1.0
	[428 ,  474]  =  1.0
	[680 ,  474]  =  -1.52403e-289
	[347 ,  475]  =  1.0
	[614 ,  476]  =  1.0
	[349 ,  477]  =  3.62462e-289
	[614 ,  477]  =  -1.0
	[545 ,  478]  =  1.0
	[350 ,  479]  =  5.41305e-289
	[545 ,  479]  =  -1.0
	[904 ,  480]  =  1.0
	[351 ,  481]  =  2.97577e-289
	[904 ,  481]  =  -1.0
	[352 ,  482]  =  1.0
	[353 ,  483]  =  1.0
	[632 ,  484]  =  1.0
	[424 ,  485]  =  1.09726e-289
	[632 ,  485]  =  -1.0
	[132 ,  486]  =  -1.20561e-289
	[424 ,  486]  =  -1.09726e-289
	[632 ,  486]  =  1.0
	[356 ,  487]  =  1.0
	[926 ,  488]  =  1.0
	[357 ,  489]  =  3.24654e-289
	[926 ,  489]  =  -1.0
	[358 ,  490]  =  1.0
	[359 ,  491]  =  1.0
	[360 ,  492]  =  1.0
	[361 ,  493]  =  1.0
	[362 ,  494]  =  1.0
	[363 ,  495]  =  1.0
	[365 ,  496]  =  1.0
	[366 ,  497]  =  1.0
	[367 ,  498]  =  1.0
	[368 ,  499]  =  1.0
	[370 ,  500]  =  1.0
	[634 ,  501]  =  1.0
	[372 ,  502]  =  1.35206e-289
	[634 ,  502]  =  -1.0
	[211 ,  503]  =  -7.07108e-291
	[372 ,  503]  =  -1.35206e-289
	[634 ,  503]  =  1.0
	[821 ,  503]  =  -1.51646e-289
	[373 ,  504]  =  1.0
	[428 ,  505]  =  -1.0
	[680 ,  505]  =  1.52403e-289
	[377 ,  506]  =  1.0
	[395 ,  507]  =  1.0
	[231 ,  508]  =  -0.272662
	[379 ,  508]  =  9.80075e-290
	[395 ,  508]  =  -0.96211
	[333 ,  509]  =  -1.0
	[382 ,  509]  =  2.55769e-289
	[383 ,  510]  =  1.0
	[384 ,  511]  =  1.0
	[386 ,  512]  =  1.0
	[277 ,  513]  =  -1.39882e-289
	[788 ,  513]  =  1.0
	[388 ,  514]  =  1.0
	[389 ,  515]  =  1.0
	[390 ,  516]  =  1.0
	[392 ,  517]  =  1.0
	[394 ,  518]  =  1.0
	[396 ,  519]  =  1.0
	[397 ,  520]  =  1.0
	[888 ,  521]  =  1.0
	[399 ,  522]  =  1.7779e-289
	[888 ,  522]  =  -1.0
	[53  ,  523]  =  -1.85078e-289
	[364 ,  523]  =  -1.30623e-289
	[536 ,  523]  =  1.0
	[401 ,  524]  =  1.0
	[402 ,  525]  =  1.0
	[689 ,  526]  =  1.0
	[403 ,  527]  =  1.08485e-289
	[689 ,  527]  =  -1.0
	[942 ,  528]  =  1.0
	[404 ,  529]  =  1.62674e-289
	[942 ,  529]  =  -1.0
	[405 ,  530]  =  1.0
	[35  ,  531]  =  1.0
	[123 ,  531]  =  -1.6096e-289
	[127 ,  532]  =  -1.0
	[407 ,  532]  =  4.16033e-289
	[408 ,  533]  =  1.0
	[3   ,  534]  =  1.0
	[52  ,  534]  =  -1.27318e-289
	[3   ,  535]  =  -0.948567
	[35  ,  535]  =  -0.316577
	[52  ,  535]  =  1.2077e-289
	[123 ,  535]  =  5.09563e-290
	[410 ,  536]  =  1.0
	[193 ,  537]  =  -0.486982
	[206 ,  537]  =  6.90925e-289
	[744 ,  537]  =  -0.873412
	[784 ,  537]  =  1.2947e-289
	[193 ,  538]  =  0.486982
	[206 ,  538]  =  -6.90925e-289
	[744 ,  538]  =  0.873412
	[784 ,  538]  =  -1.2947e-289
	[412 ,  539]  =  1.0
	[413 ,  540]  =  1.0
	[414 ,  541]  =  1.0
	[501 ,  542]  =  1.0
	[415 ,  543]  =  2.14413e-289
	[501 ,  543]  =  -1.0
	[416 ,  544]  =  1.0
	[247 ,  545]  =  -1.0
	[417 ,  545]  =  7.35276e-289
	[418 ,  546]  =  1.14769e-289
	[879 ,  546]  =  -1.0
	[404 ,  547]  =  -1.62674e-289
	[942 ,  547]  =  1.0
	[404 ,  548]  =  1.62674e-289
	[942 ,  548]  =  -1.0
	[404 ,  549]  =  -1.62674e-289
	[942 ,  549]  =  1.0
	[420 ,  550]  =  1.0
	[65  ,  551]  =  -1.52208e-289
	[410 ,  551]  =  -1.10124e-289
	[624 ,  551]  =  1.0
	[422 ,  552]  =  1.0
	[423 ,  553]  =  1.0
	[425 ,  554]  =  1.0
	[215 ,  555]  =  -0.0808148
	[236 ,  555]  =  1.45411e-290
	[385 ,  555]  =  1.38705e-289
	[759 ,  555]  =  -0.996729
	[427 ,  556]  =  1.0
	[184 ,  557]  =  -1.0
	[429 ,  557]  =  5.29224e-289
	[431 ,  558]  =  1.0
	[432 ,  559]  =  1.0
	[307 ,  560]  =  -2.12535e-289
	[478 ,  560]  =  1.0
	[436 ,  561]  =  1.0
	[437 ,  562]  =  1.0
	[215 ,  563]  =  0.0808148
	[236 ,  563]  =  -1.45411e-290
	[385 ,  563]  =  -1.38705e-289
	[759 ,  563]  =  0.996729
	[441 ,  564]  =  1.0
	[442 ,  565]  =  1.0
	[444 ,  566]  =  1.0
	[445 ,  567]  =  1.0
	[446 ,  568]  =  1.0
	[64  ,  569]  =  1.0
	[363 ,  569]  =  -2.24603e-289
	[375 ,  569]  =  -2.68893e-289
	[428 ,  570]  =  1.0
	[680 ,  570]  =  -1.52403e-289
	[428 ,  571]  =  -1.0
	[680 ,  571]  =  1.52403e-289
	[451 ,  572]  =  1.0
	[452 ,  573]  =  1.0
	[453 ,  574]  =  1.0
	[454 ,  575]  =  1.0
	[191 ,  576]  =  -1.0
	[455 ,  576]  =  1.02347e-289
	[456 ,  577]  =  1.0
	[457 ,  578]  =  1.0
	[458 ,  579]  =  1.0
	[459 ,  580]  =  1.0
	[259 ,  581]  =  -1.0
	[460 ,  581]  =  1.19331e-289
	[260 ,  582]  =  -1.03526e-289
	[650 ,  582]  =  1.0
	[260 ,  583]  =  1.03526e-289
	[650 ,  583]  =  -1.0
	[462 ,  584]  =  1.0
	[463 ,  585]  =  1.0
	[781 ,  586]  =  1.0
	[423 ,  587]  =  -0.436657
	[465 ,  587]  =  1.83223e-289
	[781 ,  587]  =  -0.899628
	[467 ,  588]  =  1.0
	[468 ,  589]  =  1.0
	[63  ,  590]  =  -0.999939
	[469 ,  590]  =  1.72082e-289
	[767 ,  590]  =  -0.0110483
	[470 ,  591]  =  1.0
	[471 ,  592]  =  1.0
	[472 ,  593]  =  1.0
	[846 ,  594]  =  1.0
	[140 ,  595]  =  -0.574558
	[539 ,  595]  =  1.08472e-289
	[846 ,  595]  =  -0.818464
	[140 ,  596]  =  0.574558
	[539 ,  596]  =  -1.08472e-289
	[846 ,  596]  =  0.818464
	[475 ,  597]  =  1.0
	[68  ,  598]  =  -1.0
	[476 ,  598]  =  1.53543e-289
	[477 ,  599]  =  1.0
	[981 ,  600]  =  1.0
	[282 ,  601]  =  -0.323955
	[479 ,  601]  =  1.04446e-289
	[981 ,  601]  =  -0.946073
	[480 ,  602]  =  1.0
	[482 ,  603]  =  1.0
	[483 ,  604]  =  1.0
	[484 ,  605]  =  1.0
	[486 ,  606]  =  1.0
	[487 ,  607]  =  1.0
	[488 ,  608]  =  1.0
	[839 ,  609]  =  1.0
	[490 ,  610]  =  4.25134e-289
	[839 ,  610]  =  -1.0
	[491 ,  611]  =  1.0
	[492 ,  612]  =  1.0
	[493 ,  613]  =  1.0
	[494 ,  614]  =  1.0
	[495 ,  615]  =  1.57688e-289
	[863 ,  615]  =  -1.0
	[168 ,  616]  =  -1.0
	[496 ,  616]  =  2.48165e-289
	[497 ,  617]  =  1.02901e-289
	[644 ,  617]  =  -1.0
	[280 ,  618]  =  -1.0
	[499 ,  618]  =  1.18843e-289
	[500 ,  619]  =  1.0
	[502 ,  620]  =  1.0
	[503 ,  621]  =  1.0
	[5   ,  622]  =  -0.160133
	[504 ,  622]  =  2.27643e-289
	[634 ,  622]  =  -0.987095
	[505 ,  623]  =  1.0
	[508 ,  624]  =  1.0
	[509 ,  625]  =  1.0
	[510 ,  626]  =  1.0
	[8   ,  627]  =  -1.0
	[511 ,  627]  =  3.62606e-289
	[731 ,  628]  =  -3.21654e-289
	[951 ,  628]  =  1.0
	[646 ,  629]  =  1.0
	[515 ,  630]  =  1.12018e-289
	[646 ,  630]  =  -1.0
	[516 ,  631]  =  1.0
	[517 ,  632]  =  1.0
	[872 ,  633]  =  1.0
	[518 ,  634]  =  1.3463e-289
	[872 ,  634]  =  -1.0
	[519 ,  635]  =  1.0
	[520 ,  636]  =  1.0
	[521 ,  637]  =  1.0
	[971 ,  638]  =  1.0
	[523 ,  639]  =  1.57836e-289
	[971 ,  639]  =  -1.0
	[524 ,  640]  =  1.0
	[159 ,  641]  =  -1.14227e-289
	[501 ,  641]  =  -8.13222e-290
	[959 ,  641]  =  1.0
	[483 ,  642]  =  -1.0
	[526 ,  642]  =  1.22458e-289
	[356 ,  643]  =  -1.0
	[527 ,  643]  =  1.67981e-289
	[776 ,  644]  =  1.0
	[528 ,  645]  =  2.08547e-289
	[776 ,  645]  =  -1.0
	[670 ,  646]  =  1.0
	[530 ,  647]  =  1.32016e-289
	[670 ,  647]  =  -0.26035
	[807 ,  647]  =  -0.965514
	[997 ,  648]  =  1.0
	[531 ,  649]  =  3.80741e-289
	[997 ,  649]  =  -1.0
	[878 ,  650]  =  1.0
	[532 ,  651]  =  3.68918e-289
	[878 ,  651]  =  -1.0
	[533 ,  652]  =  1.0
	[746 ,  653]  =  1.0
	[534 ,  654]  =  1.10869e-289
	[746 ,  654]  =  -1.0
	[535 ,  655]  =  1.0
	[538 ,  656]  =  1.0
	[731 ,  657]  =  -3.21654e-289
	[951 ,  657]  =  1.0
	[215 ,  658]  =  -1.0
	[541 ,  658]  =  1.13545e-289
	[543 ,  659]  =  1.0
	[544 ,  660]  =  1.0
	[3   ,  661]  =  0.948567
	[35  ,  661]  =  0.316577
	[52  ,  661]  =  -1.2077e-289
	[123 ,  661]  =  -5.09563e-290
	[998 ,  662]  =  1.0
	[558 ,  663]  =  1.05057e-289
	[998 ,  663]  =  -1.0
	[558 ,  664]  =  -1.05057e-289
	[998 ,  664]  =  1.0
	[548 ,  665]  =  1.0
	[47  ,  666]  =  -1.0
	[549 ,  666]  =  2.03334e-289
	[550 ,  667]  =  1.0
	[551 ,  668]  =  1.0
	[552 ,  669]  =  1.0
	[553 ,  670]  =  1.0
	[554 ,  671]  =  1.0
	[555 ,  672]  =  1.0
	[557 ,  673]  =  1.0
	[560 ,  674]  =  1.0
	[561 ,  675]  =  1.0
	[562 ,  676]  =  1.0
	[67  ,  677]  =  0.287225
	[170 ,  677]  =  -1.52763e-289
	[768 ,  677]  =  0.280071
	[779 ,  677]  =  0.916003
	[351 ,  678]  =  -2.97577e-289
	[904 ,  678]  =  1.0
	[61  ,  679]  =  -1.0
	[565 ,  679]  =  1.01063e-289
	[481 ,  680]  =  -1.0
	[853 ,  680]  =  3.65938e-287
	[481 ,  681]  =  1.0
	[853 ,  681]  =  -3.65938e-287
	[481 ,  682]  =  -1.0
	[853 ,  682]  =  3.65938e-287
	[481 ,  683]  =  1.0
	[853 ,  683]  =  -3.65938e-287
	[568 ,  684]  =  1.0
	[570 ,  685]  =  1.0
	[528 ,  686]  =  -2.08547e-289
	[776 ,  686]  =  1.0
	[573 ,  687]  =  1.0
	[575 ,  688]  =  1.0
	[576 ,  689]  =  1.0
	[577 ,  690]  =  1.0
	[578 ,  691]  =  1.0
	[280 ,  692]  =  -1.0
	[581 ,  692]  =  1.34003e-289
	[582 ,  693]  =  1.0
	[3   ,  694]  =  -0.357114
	[120 ,  694]  =  -0.868086
	[132 ,  694]  =  -0.344814
	[987 ,  694]  =  1.31826e-289
	[3   ,  695]  =  0.357114
	[120 ,  695]  =  0.868086
	[132 ,  695]  =  0.344814
	[987 ,  695]  =  -1.31826e-289
	[485 ,  696]  =  -1.0
	[587 ,  696]  =  5.81418e-289
	[588 ,  697]  =  1.0
	[589 ,  698]  =  1.0
	[590 ,  699]  =  1.0
	[591 ,  700]  =  1.0
	[592 ,  701]  =  1.0
	[593 ,  702]  =  1.0
	[486 ,  703]  =  -1.0
	[594 ,  703]  =  4.94655e-289
	[475 ,  704]  =  -1.0
	[595 ,  704]  =  4.51051e-289
	[596 ,  705]  =  1.0
	[597 ,  706]  =  1.0
	[598 ,  707]  =  1.0
	[599 ,  708]  =  1.0
	[600 ,  709]  =  1.0
	[986 ,  710]  =  1.0
	[601 ,  711]  =  1.06798e-289
	[986 ,  711]  =  -1.0
	[607 ,  712]  =  1.0
	[608 ,  713]  =  1.0
	[248 ,  714]  =  -1.0
	[439 ,  714]  =  6.01687e-289
	[281 ,  715]  =  -0.0601905
	[443 ,  715]  =  -0.998187
	[610 ,  715]  =  1.1084e-289
	[907 ,  716]  =  1.0
	[757 ,  717]  =  1.0
	[502 ,  718]  =  -0.823802
	[611 ,  718]  =  1.4108e-289
	[757 ,  718]  =  -0.138663
	[907 ,  718]  =  -0.549657
	[613 ,  719]  =  1.0
	[852 ,  720]  =  1.0
	[840 ,  721]  =  1.08482e-289
	[852 ,  721]  =  -1.0
	[840 ,  722]  =  -1.08482e-289
	[852 ,  722]  =  1.0
	[840 ,  723]  =  1.08482e-289
	[852 ,  723]  =  -1.0
	[616 ,  724]  =  1.0
	[41  ,  725]  =  -1.0
	[618 ,  725]  =  5.58358e-289
	[701 ,  726]  =  1.0
	[452 ,  727]  =  -0.840243
	[619 ,  727]  =  8.77314e-290
	[701 ,  727]  =  -0.542209
	[620 ,  728]  =  1.0
	[621 ,  729]  =  2.75467e-288
	[631 ,  729]  =  -1.0
	[394 ,  730]  =  -0.999611
	[423 ,  730]  =  -0.0279034
	[622 ,  730]  =  1.20645e-289
	[623 ,  731]  =  1.0
	[625 ,  732]  =  1.0
	[629 ,  733]  =  1.0
	[630 ,  734]  =  1.0
	[635 ,  735]  =  1.0
	[890 ,  736]  =  1.0
	[636 ,  737]  =  1.48428e-289
	[890 ,  737]  =  -1.0
	[697 ,  738]  =  1.0
	[637 ,  739]  =  1.15443e-289
	[697 ,  739]  =  -1.0
	[579 ,  740]  =  -1.0
	[639 ,  740]  =  2.5495e-289
	[640 ,  741]  =  1.0
	[349 ,  742]  =  -3.62462e-289
	[614 ,  742]  =  1.0
	[215 ,  743]  =  -0.0808148
	[236 ,  743]  =  1.45411e-290
	[385 ,  743]  =  1.38705e-289
	[759 ,  743]  =  -0.996729
	[643 ,  744]  =  1.0
	[645 ,  745]  =  1.0
	[647 ,  746]  =  1.0
	[901 ,  747]  =  1.0
	[648 ,  748]  =  4.41615e-289
	[901 ,  748]  =  -1.0
	[649 ,  749]  =  1.0
	[651 ,  750]  =  1.0
	[735 ,  751]  =  -1.0
	[939 ,  751]  =  4.3722e-289
	[423 ,  752]  =  -4.45857e-289
	[735 ,  752]  =  1.0
	[939 ,  752]  =  -4.3722e-289
	[654 ,  753]  =  1.0
	[655 ,  754]  =  1.0
	[234 ,  755]  =  -1.0
	[299 ,  755]  =  8.39388e-289
	[659 ,  756]  =  1.0
	[943 ,  757]  =  1.0
	[775 ,  758]  =  3.45006e-289
	[943 ,  758]  =  -1.0
	[775 ,  759]  =  -3.45006e-289
	[943 ,  759]  =  1.0
	[356 ,  760]  =  1.0
	[527 ,  760]  =  -1.67981e-289
	[94  ,  761]  =  -1.02613e-289
	[430 ,  761]  =  0.715932
	[433 ,  761]  =  0.69817
	[593 ,  761]  =  -1.37092e-289
	[454 ,  762]  =  -1.0
	[663 ,  762]  =  2.43519e-288
	[41  ,  763]  =  1.0
	[618 ,  763]  =  -5.58358e-289
	[87  ,  764]  =  1.0
	[755 ,  764]  =  -1.17075e-289
	[666 ,  765]  =  1.0
	[197 ,  766]  =  -1.0
	[667 ,  766]  =  1.22053e-289
	[668 ,  767]  =  1.0
	[452 ,  768]  =  -1.0
	[671 ,  768]  =  6.61825e-289
	[673 ,  769]  =  1.0
	[675 ,  770]  =  1.0
	[676 ,  771]  =  4.17642e-289
	[956 ,  771]  =  -1.0
	[247 ,  772]  =  -1.0
	[677 ,  772]  =  2.89518e-289
	[645 ,  773]  =  -1.0
	[678 ,  773]  =  4.3377e-289
	[481 ,  774]  =  1.0
	[853 ,  774]  =  -3.65938e-287
	[15  ,  775]  =  1.0
	[240 ,  775]  =  -2.87215e-289
	[684 ,  776]  =  1.0
	[809 ,  777]  =  1.0
	[202 ,  778]  =  -2.39537e-289
	[584 ,  778]  =  0.313346
	[809 ,  778]  =  -4.10244e-289
	[887 ,  778]  =  0.949639
	[172 ,  779]  =  -1.0
	[687 ,  779]  =  1.78294e-289
	[688 ,  780]  =  1.0
	[690 ,  781]  =  1.0
	[691 ,  782]  =  1.0
	[58  ,  783]  =  1.0
	[341 ,  783]  =  -1.21028e-289
	[694 ,  784]  =  1.0
	[695 ,  785]  =  1.0
	[194 ,  786]  =  -1.0
	[714 ,  786]  =  3.56374e-289
	[194 ,  787]  =  1.0
	[714 ,  787]  =  -3.56374e-289
	[837 ,  788]  =  1.0
	[698 ,  789]  =  1.1609e-289
	[837 ,  789]  =  -1.0
	[702 ,  790]  =  1.50643e-289
	[809 ,  790]  =  -1.0
	[305 ,  791]  =  -1.0
	[703 ,  791]  =  2.36816e-289
	[122 ,  792]  =  -0.182149
	[133 ,  792]  =  -0.983271
	[704 ,  792]  =  9.88779e-290
	[705 ,  793]  =  1.0
	[706 ,  794]  =  1.0
	[707 ,  795]  =  1.0
	[93  ,  796]  =  -1.0
	[708 ,  796]  =  1.08827e-289
	[709 ,  797]  =  1.0
	[218 ,  798]  =  -1.0
	[710 ,  798]  =  1.46914e-289
	[256 ,  799]  =  1.19653e-289
	[862 ,  799]  =  -1.0
	[712 ,  800]  =  1.0
	[91  ,  801]  =  -1.68286e-289
	[334 ,  801]  =  1.0
	[715 ,  802]  =  1.0
	[34  ,  803]  =  -1.39318e-289
	[203 ,  803]  =  -2.31481e-289
	[617 ,  803]  =  1.0
	[998 ,  803]  =  -6.48141e-290
	[717 ,  804]  =  1.0
	[718 ,  805]  =  1.0
	[414 ,  806]  =  -1.0
	[719 ,  806]  =  1.00559e-289
	[720 ,  807]  =  1.0
	[746 ,  808]  =  -1.0
	[774 ,  808]  =  1.14148e-289
	[746 ,  809]  =  1.0
	[774 ,  809]  =  -1.14148e-289
	[293 ,  810]  =  -1.0
	[723 ,  810]  =  3.08347e-289
	[724 ,  811]  =  1.0
	[725 ,  812]  =  1.0
	[726 ,  813]  =  1.0
	[337 ,  814]  =  -3.34613e-289
	[835 ,  814]  =  1.0
	[728 ,  815]  =  1.0
	[804 ,  816]  =  1.0
	[730 ,  817]  =  3.80194e-289
	[804 ,  817]  =  -1.0
	[732 ,  818]  =  1.0
	[98  ,  819]  =  -1.0
	[733 ,  819]  =  1.46336e-289
	[560 ,  820]  =  -1.0
	[734 ,  820]  =  3.52831e-289
	[532 ,  821]  =  -3.68918e-289
	[878 ,  821]  =  1.0
	[57  ,  822]  =  -1.0
	[738 ,  822]  =  4.25834e-289
	[988 ,  823]  =  1.0
	[739 ,  824]  =  1.38807e-289
	[988 ,  824]  =  -1.0
	[740 ,  825]  =  1.0
	[741 ,  826]  =  1.0
	[742 ,  827]  =  1.0
	[745 ,  828]  =  1.0
	[747 ,  829]  =  1.0
	[849 ,  830]  =  1.0
	[637 ,  831]  =  -1.15443e-289
	[697 ,  831]  =  1.0
	[849 ,  831]  =  -3.92776e-289
	[750 ,  832]  =  2.96831e-289
	[776 ,  832]  =  -1.0
	[751 ,  833]  =  1.0
	[66  ,  834]  =  -1.12229e-289
	[464 ,  834]  =  1.0
	[13  ,  835]  =  1.0
	[244 ,  835]  =  -1.87661e-289
	[643 ,  835]  =  -1.48378e-289
	[694 ,  836]  =  -1.0
	[754 ,  836]  =  1.74818e-289
	[352 ,  837]  =  -1.0
	[756 ,  837]  =  1.61467e-289
	[758 ,  838]  =  1.0
	[760 ,  839]  =  1.0
	[761 ,  840]  =  1.0
	[762 ,  841]  =  1.0
	[765 ,  842]  =  1.0
	[766 ,  843]  =  1.0
	[769 ,  844]  =  1.0
	[770 ,  845]  =  1.0
	[147 ,  846]  =  -1.0
	[771 ,  846]  =  3.44881e-289
	[772 ,  847]  =  1.0
	[777 ,  848]  =  1.0
	[215 ,  849]  =  1.0
	[236 ,  849]  =  -1.79932e-289
	[447 ,  850]  =  -1.0
	[780 ,  850]  =  8.57618e-289
	[782 ,  851]  =  1.0
	[193 ,  852]  =  0.486982
	[206 ,  852]  =  -6.90925e-289
	[744 ,  852]  =  0.873412
	[784 ,  852]  =  -1.2947e-289
	[251 ,  853]  =  -3.30707e-289
	[929 ,  853]  =  1.0
	[786 ,  854]  =  1.0
	[437 ,  855]  =  -1.0
	[787 ,  855]  =  1.92193e-289
	[112 ,  856]  =  -0.322289
	[441 ,  856]  =  -0.946641
	[789 ,  856]  =  1.04876e-289
	[163 ,  857]  =  -1.0
	[790 ,  857]  =  8.26503e-288
	[10  ,  858]  =  -1.07147e-289
	[329 ,  858]  =  1.0
	[655 ,  859]  =  -1.0
	[792 ,  859]  =  1.91615e-289
	[793 ,  860]  =  1.0
	[794 ,  861]  =  1.0
	[795 ,  862]  =  1.0
	[796 ,  863]  =  1.0
	[357 ,  864]  =  -3.24654e-289
	[926 ,  864]  =  1.0
	[799 ,  865]  =  1.0
	[800 ,  866]  =  1.0
	[802 ,  867]  =  1.0
	[873 ,  868]  =  1.0
	[803 ,  869]  =  1.13783e-289
	[873 ,  869]  =  -1.0
	[805 ,  870]  =  1.0
	[3   ,  871]  =  0.948567
	[35  ,  871]  =  0.316577
	[52  ,  871]  =  -1.2077e-289
	[123 ,  871]  =  -5.09563e-290
	[811 ,  872]  =  1.0
	[53  ,  873]  =  0.106494
	[301 ,  873]  =  -1.10223e-289
	[813 ,  873]  =  0.994313
	[53  ,  874]  =  -0.106494
	[301 ,  874]  =  1.10223e-289
	[813 ,  874]  =  -0.994313
	[814 ,  875]  =  1.0
	[838 ,  876]  =  1.0
	[606 ,  877]  =  -0.748545
	[815 ,  877]  =  8.54203e-290
	[838 ,  877]  =  -0.663084
	[64  ,  878]  =  -1.0
	[816 ,  878]  =  1.24901e-289
	[307 ,  879]  =  2.12535e-289
	[478 ,  879]  =  -1.0
	[961 ,  880]  =  1.0
	[13  ,  881]  =  -0.913572
	[819 ,  881]  =  9.26756e-290
	[961 ,  881]  =  -0.406676
	[456 ,  882]  =  -1.0
	[822 ,  882]  =  1.00351e-289
	[823 ,  883]  =  1.0
	[395 ,  884]  =  -0.654289
	[824 ,  884]  =  8.44996e-290
	[863 ,  884]  =  -0.756244
	[974 ,  885]  =  1.0
	[825 ,  886]  =  1.97932e-289
	[974 ,  886]  =  -1.0
	[826 ,  887]  =  1.0
	[312 ,  888]  =  -1.0
	[827 ,  888]  =  3.33447e-289
	[828 ,  889]  =  1.0
	[829 ,  890]  =  1.0
	[829 ,  891]  =  -1.0
	[830 ,  891]  =  1.61657e-289
	[832 ,  892]  =  1.0
	[833 ,  893]  =  1.0
	[834 ,  894]  =  1.0
	[836 ,  895]  =  1.0
	[234 ,  896]  =  -1.0
	[299 ,  896]  =  8.39388e-289
	[410 ,  897]  =  -1.0
	[842 ,  897]  =  6.57708e-289
	[843 ,  898]  =  1.0
	[845 ,  899]  =  1.0
	[847 ,  900]  =  1.0
	[538 ,  901]  =  -1.0
	[848 ,  901]  =  2.15286e-289
	[850 ,  902]  =  1.0
	[1   ,  903]  =  4.92632e-289
	[506 ,  903]  =  -1.0
	[142 ,  904]  =  -0.422662
	[226 ,  904]  =  -0.906287
	[854 ,  904]  =  9.34669e-290
	[855 ,  905]  =  1.0
	[558 ,  906]  =  1.05057e-289
	[998 ,  906]  =  -1.0
	[857 ,  907]  =  1.0
	[140 ,  908]  =  0.574558
	[539 ,  908]  =  -1.08472e-289
	[846 ,  908]  =  0.818464
	[859 ,  909]  =  1.0
	[860 ,  910]  =  1.0
	[861 ,  911]  =  1.0
	[864 ,  912]  =  1.0
	[865 ,  913]  =  1.0
	[867 ,  914]  =  1.0
	[385 ,  915]  =  -1.39161e-289
	[759 ,  915]  =  1.0
	[870 ,  916]  =  1.0
	[871 ,  917]  =  1.0
	[875 ,  918]  =  1.0
	[876 ,  919]  =  1.0
	[880 ,  920]  =  1.0
	[881 ,  921]  =  1.0
	[215 ,  922]  =  0.0808148
	[236 ,  922]  =  -1.45411e-290
	[385 ,  922]  =  -1.38705e-289
	[759 ,  922]  =  0.996729
	[883 ,  923]  =  1.0
	[884 ,  924]  =  1.0
	[580 ,  925]  =  -1.0
	[614 ,  925]  =  1.63829e-288
	[924 ,  925]  =  1.48395e-289
	[53  ,  926]  =  1.85078e-289
	[364 ,  926]  =  1.30623e-289
	[536 ,  926]  =  -1.0
	[840 ,  927]  =  -1.08482e-289
	[852 ,  927]  =  1.0
	[893 ,  928]  =  1.0
	[895 ,  929]  =  1.0
	[896 ,  930]  =  1.0
	[897 ,  931]  =  1.0
	[898 ,  932]  =  1.0
	[900 ,  933]  =  1.0
	[902 ,  934]  =  1.0
	[903 ,  935]  =  1.0
	[905 ,  936]  =  1.0
	[580 ,  937]  =  1.0
	[924 ,  937]  =  -1.48395e-289
	[127 ,  938]  =  1.0
	[130 ,  938]  =  -5.22984e-289
	[407 ,  938]  =  -4.16033e-289
	[675 ,  938]  =  -1.86062e-288
	[909 ,  939]  =  1.0
	[786 ,  940]  =  -1.0
	[910 ,  940]  =  1.9887e-289
	[911 ,  941]  =  1.0
	[913 ,  942]  =  1.0
	[914 ,  943]  =  1.0
	[915 ,  944]  =  1.0
	[916 ,  945]  =  1.0
	[794 ,  946]  =  -1.0
	[917 ,  946]  =  2.15561e-289
	[918 ,  947]  =  1.0
	[690 ,  948]  =  -1.0
	[919 ,  948]  =  1.80257e-289
	[920 ,  949]  =  1.0
	[922 ,  950]  =  1.0
	[838 ,  951]  =  -1.0
	[923 ,  951]  =  2.70917e-289
	[925 ,  952]  =  1.0
	[928 ,  953]  =  1.0
	[930 ,  954]  =  1.0
	[162 ,  955]  =  -1.42129e-289
	[391 ,  955]  =  0.946194
	[473 ,  955]  =  0.323601
	[573 ,  955]  =  -1.73965e-289
	[933 ,  956]  =  1.0
	[934 ,  957]  =  1.0
	[580 ,  958]  =  -1.0
	[924 ,  958]  =  1.48395e-289
	[937 ,  959]  =  1.0
	[938 ,  960]  =  1.0
	[941 ,  961]  =  1.0
	[946 ,  962]  =  1.0
	[947 ,  963]  =  1.0
	[948 ,  964]  =  1.0
	[949 ,  965]  =  1.0
	[950 ,  966]  =  1.0
	[952 ,  967]  =  1.0
	[953 ,  968]  =  1.0
	[954 ,  969]  =  1.0
	[955 ,  970]  =  1.0
	[606 ,  971]  =  0.748545
	[815 ,  971]  =  -8.54203e-290
	[838 ,  971]  =  0.663084
	[215 ,  972]  =  0.0808148
	[236 ,  972]  =  -1.45411e-290
	[385 ,  972]  =  -1.38705e-289
	[759 ,  972]  =  0.996729
	[796 ,  973]  =  -1.0
	[960 ,  973]  =  2.86229e-288
	[698 ,  974]  =  -1.1609e-289
	[837 ,  974]  =  1.0
	[15  ,  975]  =  -5.82956e-291
	[528 ,  975]  =  -2.08547e-289
	[763 ,  975]  =  -1.89478e-289
	[776 ,  975]  =  1.0
	[779 ,  976]  =  -1.0
	[964 ,  976]  =  3.50307e-289
	[219 ,  977]  =  -1.0
	[965 ,  977]  =  2.9974e-289
	[966 ,  978]  =  1.0
	[967 ,  979]  =  1.0
	[66  ,  980]  =  -1.12229e-289
	[464 ,  980]  =  1.0
	[238 ,  981]  =  -1.0
	[970 ,  981]  =  1.94663e-288
	[152 ,  982]  =  -1.0
	[973 ,  982]  =  7.25236e-289
	[975 ,  983]  =  1.0
	[976 ,  984]  =  1.0
	[349 ,  985]  =  -3.62462e-289
	[614 ,  985]  =  1.0
	[978 ,  986]  =  1.0
	[270 ,  987]  =  -1.0
	[979 ,  987]  =  4.53035e-289
	[980 ,  988]  =  1.0
	[983 ,  989]  =  1.0
	[69  ,  990]  =  -4.86924e-290
	[267 ,  990]  =  -9.94175e-290
	[515 ,  990]  =  -1.12018e-289
	[646 ,  990]  =  1.0
	[901 ,  990]  =  -2.61904e-290
	[985 ,  991]  =  1.0
	[989 ,  992]  =  1.0
	[990 ,  993]  =  1.0
	[991 ,  994]  =  1.0
	[993 ,  995]  =  1.0
	[63  ,  996]  =  0.999939
	[469 ,  996]  =  -1.72082e-289
	[767 ,  996]  =  0.0110483
	[537 ,  997]  =  1.37974e-289
	[737 ,  997]  =  -1.0
	[996 ,  998]  =  1.0
	[983 ,  999]  =  -1.0
	[999 ,  999]  =  1.87768e-289
	[1000, 1000]  =  1.0
[Finished in 3.471s]
