[Command: julia /Users/Caitlin/development/computeEig/powermethod.jl]
sparcematrix =
	[23 ,   1]  =  0.127802
	[53 ,   1]  =  0.783327
	[10 ,   2]  =  0.94525
	[29 ,   2]  =  0.091115
	[48 ,   2]  =  0.811507
	[83 ,   5]  =  0.0764699
	[92 ,   8]  =  0.669648
	[19 ,   9]  =  0.0313909
	[90 ,  10]  =  0.0362924
	[13 ,  12]  =  0.563559
	[15 ,  16]  =  0.316858
	[60 ,  16]  =  0.530211
	[71 ,  17]  =  0.943365
	[96 ,  20]  =  0.885615
	[93 ,  23]  =  0.85629
	[56 ,  25]  =  0.0943714
	[29 ,  26]  =  0.954932
	[27 ,  27]  =  0.585886
	[91 ,  27]  =  0.159483
	[36 ,  28]  =  0.422774
	[47 ,  28]  =  0.0873772
	[60 ,  29]  =  0.636616
	[29 ,  31]  =  0.0728134
	[29 ,  32]  =  0.590778
	[7  ,  33]  =  0.562753
	[3  ,  34]  =  0.120716
	[99 ,  34]  =  0.751716
	[46 ,  35]  =  0.450647
	[51 ,  35]  =  0.903924
	[29 ,  37]  =  0.0890295
	[67 ,  37]  =  0.0338921
	[91 ,  37]  =  0.153097
	[19 ,  38]  =  0.9097
	[34 ,  38]  =  0.337868
	[25 ,  40]  =  0.172531
	[31 ,  40]  =  0.0526744
	[91 ,  40]  =  0.582137
	[5  ,  41]  =  0.779305
	[24 ,  41]  =  0.95366
	[20 ,  42]  =  0.790237
	[15 ,  43]  =  0.125034
	[5  ,  45]  =  0.809911
	[22 ,  47]  =  0.181281
	[44 ,  47]  =  0.347304
	[73 ,  48]  =  0.0731273
	[55 ,  49]  =  0.117393
	[87 ,  51]  =  0.656533
	[78 ,  52]  =  0.211825
	[30 ,  53]  =  0.521545
	[88 ,  53]  =  0.706662
	[74 ,  54]  =  0.50877
	[28 ,  57]  =  0.375127
	[38 ,  57]  =  0.866555
	[84 ,  57]  =  0.702347
	[91 ,  59]  =  0.616182
	[6  ,  60]  =  0.817259
	[8  ,  60]  =  0.896148
	[46 ,  60]  =  0.890017
	[74 ,  60]  =  0.857497
	[71 ,  63]  =  0.433194
	[18 ,  64]  =  0.459586
	[24 ,  64]  =  0.731314
	[34 ,  64]  =  0.669735
	[96 ,  64]  =  0.21961
	[99 ,  68]  =  0.21153
	[30 ,  69]  =  0.820934
	[61 ,  70]  =  0.990303
	[6  ,  71]  =  0.636745
	[47 ,  72]  =  0.482191
	[73 ,  73]  =  0.253222
	[71 ,  74]  =  0.293795
	[31 ,  75]  =  0.106512
	[20 ,  79]  =  0.351445
	[82 ,  79]  =  0.0472896
	[2  ,  81]  =  0.486786
	[93 ,  81]  =  0.447228
	[15 ,  82]  =  0.336541
	[53 ,  82]  =  0.671449
	[37 ,  83]  =  0.801703
	[65 ,  83]  =  0.913021
	[43 ,  84]  =  0.477585
	[15 ,  90]  =  0.0898887
	[8  ,  91]  =  0.437398
	[28 ,  91]  =  0.710661
	[54 ,  92]  =  0.738608
	[36 ,  95]  =  0.770441
	[5  ,  97]  =  0.13708
	[45 ,  98]  =  0.325388
	[83 ,  98]  =  0.476169
	[70 , 100]  =  0.310462
i = 14
sparse(dominantEigenvector) =
	[6  ,   1]  =  0.112235
	[8  ,   1]  =  0.164589
	[22 ,   1]  =  0.0123399
	[27 ,   1]  =  0.809908
	[28 ,   1]  =  0.267416
	[36 ,   1]  =  0.192967
	[44 ,   1]  =  0.0236412
	[47 ,   1]  =  0.0398815
	[54 ,   1]  =  0.237157
	[71 ,   1]  =  0.10327
	[73 ,   1]  =  2.56688e-5
	[74 ,   1]  =  0.205942
	[91 ,   1]  =  0.220464
	[92 ,   1]  =  0.18812


sparse(allEigenvectors) =
	[88 ,   1]  =  1.0
	[93 ,   2]  =  1.0
	[30 ,   3]  =  1.0
	[23 ,   4]  =  1.17026e-290
	[93 ,   4]  =  -1.0
	[30 ,   5]  =  -0.593824
	[53 ,   5]  =  1.14096e-290
	[88 ,   5]  =  -0.804595
	[23 ,   6]  =  -1.8384e-291
	[30 ,   6]  =  0.586451
	[53 ,   6]  =  -1.12679e-290
	[88 ,   6]  =  0.794605
	[93 ,   6]  =  0.157093
	[6  ,   7]  =  1.0
	[6  ,   8]  =  -1.0
	[71 ,   8]  =  1.57376e-290
	[6  ,   9]  =  1.0
	[71 ,   9]  =  -1.57376e-290
	[46 ,  10]  =  1.0
	[6  ,  11]  =  -1.0
	[71 ,  11]  =  1.57376e-290
	[6  ,  12]  =  1.0
	[71 ,  12]  =  -1.57376e-290
	[6  ,  13]  =  -1.0
	[71 ,  13]  =  1.57376e-290
	[6  ,  14]  =  1.0
	[71 ,  14]  =  -1.57376e-290
	[15 ,  15]  =  1.0
	[15 ,  16]  =  -1.0
	[90 ,  16]  =  1.11481e-289
	[15 ,  17]  =  1.0
	[90 ,  17]  =  -1.11481e-289
	[6  ,  18]  =  -1.0
	[71 ,  18]  =  1.57376e-290
	[73 ,  19]  =  1.0
	[48 ,  20]  =  0.96074
	[73 ,  20]  =  -0.27745
	[6  ,  21]  =  1.0
	[71 ,  21]  =  -1.57376e-290
	[3  ,  22]  =  1.0
	[4  ,  23]  =  1.0
	[44 ,  24]  =  1.0
	[36 ,  25]  =  1.0
	[22 ,  26]  =  1.0
	[22 ,  27]  =  -0.462724
	[44 ,  27]  =  -0.886502
	[47 ,  27]  =  2.55784e-290
	[22 ,  28]  =  0.462724
	[36 ,  28]  =  -1.23761e-289
	[44 ,  28]  =  0.886502
	[47 ,  28]  =  -2.55784e-290
	[22 ,  29]  =  -0.462724
	[36 ,  29]  =  1.23761e-289
	[44 ,  29]  =  -0.886502
	[47 ,  29]  =  2.55784e-290
	[67 ,  30]  =  1.0
	[22 ,  31]  =  0.462724
	[36 ,  31]  =  -1.23761e-289
	[44 ,  31]  =  0.886502
	[47 ,  31]  =  -2.55784e-290
	[65 ,  32]  =  1.0
	[22 ,  33]  =  -0.462724
	[36 ,  33]  =  1.23761e-289
	[44 ,  33]  =  -0.886502
	[47 ,  33]  =  2.55784e-290
	[22 ,  34]  =  0.462724
	[36 ,  34]  =  -1.23761e-289
	[44 ,  34]  =  0.886502
	[47 ,  34]  =  -2.55784e-290
	[7  ,  35]  =  1.0
	[19 ,  36]  =  1.0
	[9  ,  37]  =  3.19228e-289
	[19 ,  37]  =  -1.0
	[11 ,  38]  =  1.0
	[13 ,  39]  =  1.0
	[12 ,  40]  =  1.77814e-290
	[13 ,  40]  =  -1.0
	[14 ,  41]  =  1.0
	[6  ,  42]  =  -1.0
	[71 ,  42]  =  1.57376e-290
	[6  ,  43]  =  1.0
	[71 ,  43]  =  -1.57376e-290
	[18 ,  44]  =  1.0
	[96 ,  45]  =  1.0
	[20 ,  46]  =  1.13151e-290
	[96 ,  46]  =  -1.0
	[21 ,  47]  =  1.0
	[24 ,  48]  =  1.0
	[56 ,  49]  =  1.0
	[25 ,  50]  =  1.06185e-289
	[56 ,  50]  =  -1.0
	[6  ,  51]  =  1.0
	[71 ,  51]  =  -1.57376e-290
	[6  ,  52]  =  0.112235
	[8  ,  52]  =  0.164589
	[22 ,  52]  =  0.0123399
	[27 ,  52]  =  0.809908
	[28 ,  52]  =  0.267416
	[36 ,  52]  =  0.192967
	[44 ,  52]  =  0.0236412
	[47 ,  52]  =  0.0398815
	[54 ,  52]  =  0.237157
	[71 ,  52]  =  0.10327
	[74 ,  52]  =  0.205942
	[91 ,  52]  =  0.220464
	[92 ,  52]  =  0.18812
	[6  ,  53]  =  1.0
	[71 ,  53]  =  -1.57376e-290
	[6  ,  54]  =  1.0
	[71 ,  54]  =  -1.57376e-290
	[7  ,  55]  =  -1.0
	[33 ,  55]  =  1.78068e-290
	[99 ,  56]  =  1.0
	[3  ,  57]  =  -0.158555
	[34 ,  57]  =  1.3162e-290
	[99 ,  57]  =  -0.98735
	[87 ,  58]  =  1.0
	[51 ,  59]  =  1.52633e-290
	[87 ,  59]  =  -1.0
	[46 ,  60]  =  -7.60943e-291
	[51 ,  60]  =  -1.52633e-290
	[87 ,  60]  =  1.0
	[3  ,  61]  =  0.158555
	[19 ,  61]  =  -3.54383e-290
	[34 ,  61]  =  -1.3162e-290
	[99 ,  61]  =  0.98735
	[39 ,  62]  =  1.0
	[22 ,  63]  =  0.462724
	[36 ,  63]  =  -1.23761e-289
	[44 ,  63]  =  0.886502
	[47 ,  63]  =  -2.55784e-290
	[22 ,  64]  =  -0.462724
	[36 ,  64]  =  1.23761e-289
	[44 ,  64]  =  -0.886502
	[47 ,  64]  =  2.55784e-290
	[20 ,  65]  =  -1.13151e-290
	[96 ,  65]  =  1.0
	[15 ,  66]  =  -1.0
	[43 ,  66]  =  8.01452e-290
	[22 ,  67]  =  -0.462724
	[36 ,  67]  =  1.23761e-289
	[44 ,  67]  =  -0.886502
	[47 ,  67]  =  2.55784e-290
	[55 ,  68]  =  1.0
	[49 ,  69]  =  8.53612e-290
	[55 ,  69]  =  -1.0
	[50 ,  70]  =  1.0
	[78 ,  71]  =  1.0
	[52 ,  72]  =  4.73071e-290
	[78 ,  72]  =  -1.0
	[15 ,  73]  =  1.0
	[43 ,  73]  =  -8.01452e-290
	[3  ,  74]  =  -0.155821
	[15 ,  74]  =  -0.184905
	[19 ,  74]  =  3.48272e-290
	[34 ,  74]  =  1.2935e-290
	[43 ,  74]  =  1.48193e-290
	[99 ,  74]  =  -0.970325
	[58 ,  75]  =  1.0
	[22 ,  76]  =  0.462724
	[36 ,  76]  =  -1.23761e-289
	[44 ,  76]  =  0.886502
	[47 ,  76]  =  -2.55784e-290
	[61 ,  77]  =  1.0
	[62 ,  78]  =  1.0
	[6  ,  79]  =  1.0
	[71 ,  79]  =  -1.57376e-290
	[3  ,  80]  =  0.158555
	[18 ,  80]  =  -9.03202e-291
	[24 ,  80]  =  -1.43722e-290
	[34 ,  80]  =  -1.3162e-290
	[96 ,  80]  =  -4.31589e-291
	[99 ,  80]  =  0.98735
	[66 ,  81]  =  1.0
	[68 ,  82]  =  4.73731e-290
	[99 ,  82]  =  -1.0
	[30 ,  83]  =  -1.0
	[69 ,  83]  =  1.22066e-290
	[61 ,  84]  =  -1.0
	[70 ,  84]  =  1.0119e-290
	[22 ,  85]  =  0.462724
	[44 ,  85]  =  0.886502
	[47 ,  85]  =  -2.55784e-290
	[6  ,  86]  =  -1.0
	[71 ,  86]  =  1.57376e-290
	[76 ,  87]  =  1.0
	[77 ,  88]  =  1.0
	[15 ,  89]  =  -5.71867e-291
	[30 ,  89]  =  0.593824
	[53 ,  89]  =  -1.14096e-290
	[88 ,  89]  =  0.804595
	[15 ,  90]  =  5.71867e-291
	[30 ,  90]  =  -0.593824
	[53 ,  90]  =  1.14096e-290
	[88 ,  90]  =  -0.804595
	[96 ,  90]  =  1.11839e-289
	[80 ,  91]  =  1.0
	[6  ,  92]  =  -1.0
	[71 ,  92]  =  1.57376e-290
	[85 ,  93]  =  1.0
	[86 ,  94]  =  1.0
	[89 ,  95]  =  1.0
	[94 ,  96]  =  1.0
	[36 ,  97]  =  -1.0
	[95 ,  97]  =  1.30066e-290
	[22 ,  98]  =  -0.462724
	[36 ,  98]  =  1.23761e-289
	[44 ,  98]  =  -0.886502
	[47 ,  98]  =  2.55784e-290
	[22 ,  99]  =  0.462724
	[36 ,  99]  =  -1.23761e-289
	[44 ,  99]  =  0.886502
	[47 ,  99]  =  -2.55784e-290
	[61 , 100]  =  1.0
	[70 , 100]  =  -1.0119e-290
[Finished in 3.022s]
