[Command: julia /Users/Caitlin/development/computeEig/powermethod.jl]
fullmatrix = [0.0 0.681761 0.0 0.0 0.0 0.0 0.135608 0.0 0.0 0.0; 0.0 0.0 0.0 0.119454 0.0 0.0 0.0 0.0 0.0 0.0; 0.0 0.0 0.637893 0.0 0.0 0.0 0.0 0.0 0.0 0.0; 0.0 0.0 0.118361 0.0 0.0 0.0 0.0 0.0 0.0 0.0; 0.0 0.0 0.0 0.0 0.0 0.0 0.0 0.0 0.0 0.0; 0.966331 0.587059 0.0 0.0 0.0 0.408119 0.58676 0.0 0.0 0.0175823; 0.0 0.0 0.68361 0.0 0.0 0.0 0.0 0.0 0.0 0.0; 0.0 0.0 0.0 0.0 0.0 0.0 0.0819272 0.0 0.0 0.0; 0.063026 0.0 0.0 0.0 0.0 0.0 0.0 0.0 0.0 0.0; 0.0 0.0 0.0 0.0 0.0 0.0 0.0 0.0 0.0 0.0]
sparse(dominantEigenvector) =
	[1 ,  1]  =  0.0625936
	[2 ,  1]  =  0.00820853
	[3 ,  1]  =  0.236237
	[4 ,  1]  =  0.043834
	[6 ,  1]  =  0.934396
	[7 ,  1]  =  0.253168
	[8 ,  1]  =  0.0325154
	[9 ,  1]  =  0.00618446

sparse(allEigenvectors) =
	[9 ,  1]  =  1.0
	[6 ,  2]  =  1.0
	[1 ,  3]  =  1.58995e-290
	[6 ,  3]  =  -3.76465e-290
	[9 ,  3]  =  -1.0
	[1 ,  4]  =  -1.58995e-290
	[6 ,  4]  =  3.76465e-290
	[9 ,  4]  =  1.0
	[8 ,  5]  =  1.0
	[1 ,  6]  =  1.58995e-290
	[6 ,  6]  =  -3.76465e-290
	[9 ,  6]  =  -1.0
	[1 ,  7]  =  -1.58995e-290
	[6 ,  7]  =  3.76465e-290
	[8 ,  7]  =  -9.60564e-291
	[9 ,  7]  =  1.0
	[1 ,  8]  =  0.0628095
	[2 ,  8]  =  0.00823685
	[3 ,  8]  =  0.237052
	[4 ,  8]  =  0.0439852
	[6 ,  8]  =  0.933926
	[7 ,  8]  =  0.254042
	[8 ,  8]  =  0.0326276
	[9 ,  8]  =  0.0062058
	[5 ,  9]  =  1.0
	[6 , 10]  =  -0.0430415
	[10, 10]  =  0.999073
[Finished in 6.588s]
